fixIdx,tickLead,togo,area
28,1000.11905433863,186.075,0.0
29,1005.11905433863,186.048,0.0
30,1010.11905433863,186.005,0.0
31,1015.11905433863,185.975,0.0
32,1016.11905433863,185.971,0.0
33,1021.11905433863,185.944,0.0
34,1027.11905433863,185.941,0.0
231,2018.11905433863,185.861,0.0
232,2023.11905433863,185.737,0.0
233,2028.11905433863,185.636,0.0
234,2033.11905433863,185.529,0.0
235,2038.11905433863,185.418,0.0
236,2043.11905433863,185.303,0.0
237,2048.11905433863,185.194,0.0
238,2054.11905433863,185.084,0.0
239,2059.11905433863,184.973,0.0
240,2064.11905433863,184.862,0.0
241,2069.11905433863,184.763,0.0
242,2074.11905433863,184.663,0.0
243,2079.11905433863,184.565,0.0
244,2084.11905433863,184.463,0.0
245,2089.11905433863,184.359,0.0
246,2094.11905433863,184.25,0.0
247,2099.11905433863,184.144,0.0
248,2104.11905433863,184.031,0.0
249,2109.11905433863,183.926,0.0
250,2114.11905433863,183.812,0.0
251,2119.11905433863,183.703,0.0
252,2124.11905433863,183.59,0.0
253,2129.11905433863,183.464,0.0
254,2134.11905433863,183.375,0.0
255,2139.11905433863,183.27,0.0
256,2144.11905433863,183.16,0.0
257,2149.11905433863,183.053,0.0
258,2154.11905433863,182.94,0.0
259,2160.11905433863,182.836,0.0
260,2165.11905433863,182.726,0.0
261,2170.11905433863,182.623,0.0
262,2175.11905433863,182.543,0.0
263,2180.11905433863,182.452,0.0
264,2185.11905433863,182.362,0.0
265,2190.11905433863,182.265,0.0
266,2195.11905433863,182.169,0.0
267,2200.11905433863,182.069,0.0
268,2205.11905433863,181.98,0.0
269,2210.11905433863,181.886,0.0
270,2215.11905433863,181.782,0.0
271,2220.11905433863,181.68,0.0
272,2225.11905433863,181.577,0.0
273,2230.11905433863,181.466,0.0
274,2235.11905433863,181.356,0.0
275,2240.11905433863,181.225,0.0
276,2245.11905433863,181.117,0.0
277,2250.11905433863,181.023,0.0
278,2255.11905433863,180.93,0.0
279,2260.11905433863,180.832,0.0
280,2265.11905433863,180.738,0.0
281,2271.11905433863,180.639,0.0
282,2276.11905433863,180.541,0.0
283,2281.11905433863,180.452,0.0
284,2286.11905433863,180.367,0.0
285,2291.11905433863,180.275,0.0
286,2296.11905433863,180.175,0.0
287,2301.11905433863,180.085,0.0
288,2306.11905433863,179.992,0.0
289,2311.11905433863,179.89,0.0
290,2316.11905433863,179.783,0.0
291,2321.11905433863,179.677,0.0
292,2326.11905433863,179.582,0.0
293,2331.11905433863,179.471,0.0
294,2336.11905433863,179.362,0.0
295,2341.11905433863,179.251,0.0
296,2346.11905433863,179.16,0.0
297,2351.11905433863,179.082,0.0
298,2356.11905433863,179.024,0.0
299,2362.11905433863,178.959,0.0
300,2367.11905433863,178.901,0.0
301,2372.11905433863,178.871,0.0
302,2377.11905433863,178.865,0.0
308,2407.11905433863,178.826,0.0
309,2412.11905433863,178.766,0.0
310,2417.11905433863,178.698,0.0
311,2422.11905433863,178.599,0.0
312,2427.11905433863,178.518,0.0
313,2432.11905433863,178.438,0.0
314,2437.11905433863,178.355,0.0
315,2442.11905433863,178.275,0.0
316,2447.11905433863,178.205,0.0
317,2453.11905433863,178.123,0.0
318,2458.11905433863,178.046,0.0
319,2463.11905433863,177.983,0.0
320,2468.11905433863,177.896,0.0
321,2473.11905433863,177.823,0.0
322,2478.11905433863,177.747,0.0
323,2483.11905433863,177.671,0.0
324,2488.11905433863,177.579,0.0
325,2493.11905433863,177.495,0.0
326,2498.11905433863,177.417,0.0
327,2503.11905433863,177.354,0.0
328,2508.11905433863,177.292,0.0
329,2513.11905433863,177.216,0.0
330,2518.11905433863,177.162,0.0
331,2523.11905433863,177.128,0.0
332,2528.11905433863,177.098,0.0
333,2533.11905433863,177.072,0.0
334,2538.11905433863,177.048,0.0
335,2543.11905433863,177.031,0.0
339,2564.11905433863,177.028,0.0
352,2630.11905433863,176.973,0.0
353,2635.11905433863,176.914,0.0
354,2640.11905433863,176.858,0.0
360,2670.11905433863,176.804,0.0
369,2715.11905433863,176.773,0.0
370,2720.11905433863,176.687,0.0
371,2725.11905433863,176.624,0.0
374,2741.11905433863,176.62,0.0
378,2761.11905433863,176.566,0.0
379,2766.11905433863,176.518,0.0
394,2841.11905433863,176.504,0.0
399,2867.11905433863,176.494,0.0
408,2912.11905433863,176.46,0.0
409,2917.11905433863,176.439,0.0
416,2952.11905433863,176.399,0.0
419,2968.11905433863,176.385,0.0
427,3008.11905433863,176.364,0.0
431,3028.11905433863,176.346,0.0
450,3124.11905433863,176.282,0.0
453,3139.11905433863,176.269,0.0
457,3160.11905433863,176.242,0.0
458,3165.11905433863,176.197,0.0
748,4629.11905433863,176.196,1631.2691509233418
749,4634.11905433863,176.106,146934.84699735028
750,4639.11905433863,176.01,156816.77231400603
751,4644.11905433863,175.914,156900.18759159648
752,4649.11905433863,175.818,156983.41854914045
753,4654.11905433863,175.726,150523.7418531558
754,4659.11905433863,175.632,153879.7627532557
755,4664.11905433863,175.542,147412.56103095386
756,4669.11905433863,175.455,142579.66992224767
757,4674.11905433863,175.372,136103.99473454346
758,4679.11905433863,175.291,132904.30792110367
759,4684.11905433863,175.205,141191.7893179489
760,4689.11905433863,175.121,137988.50703374497
761,4694.11905433863,175.035,141355.9598368467
762,4699.11905433863,174.95,139792.80048979304
763,4704.11905433863,174.867,136583.20766421824
764,4709.11905433863,174.784,136663.49947688755
765,4714.11905433863,174.696,144979.14878569316
766,4719.11905433863,174.615,133523.65587517823
767,4724.11905433863,174.535,131954.09342580725
768,4729.11905433863,174.443,151832.98285971323
769,4734.11905433863,174.355,145310.11069657488
770,4739.11905433863,174.266,147041.92172198804
771,4744.11905433863,174.214,85967.99161889573
772,4749.11905433863,174.195,31438.080591467315
773,4754.11905433863,174.147,79490.8483020715
774,4759.11905433863,174.078,114349.85205607857
775,4764.11905433863,173.991,144267.06749582148
776,4769.11905433863,173.896,157615.87944343206
777,4775.11905433863,173.814,136149.2450034844
778,4780.11905433863,173.775,64799.15527714074
782,4800.11905433863,173.734,68391.46747061537
786,4820.11905433863,173.733,1674.832307461878
787,4825.11905433863,173.697,60350.080069761614
792,4850.11905433863,173.661,60650.19556117278
796,4870.11905433863,173.655,10148.82161686044
800,4890.11905433863,173.627,47551.009111992906
801,4895.11905433863,173.598,49291.52369563301
802,4901.11905433863,173.563,59551.70872085642
803,4906.11905433863,173.498,110676.96803265437
804,4911.11905433863,173.416,139706.34836056933
805,4916.11905433863,173.32,163641.16381682147
806,4921.11905433863,173.208,190994.22089011903
807,4926.11905433863,173.098,187653.9043754721
808,4931.11905433863,172.99,184312.92217802536
809,4936.11905433863,172.909,138299.29022694041
810,4941.11905433863,172.784,213513.7836564355
811,4946.11905433863,172.685,169164.34955473003
812,4951.11905433863,172.596,152147.93309989525
813,4956.11905433863,172.505,155642.9094012037
814,4961.11905433863,172.413,157428.49210253573
815,4966.11905433863,172.322,155791.54974997992
816,4971.11905433863,172.232,154153.70591837916
817,4976.11905433863,172.128,178211.94118543624
818,4981.11905433863,172.029,169714.41204800003
819,4986.11905433863,171.936,159499.69096886125
820,4991.11905433863,171.844,157857.91558207138
821,4996.11905433863,171.761,142485.39347627733
822,5001.11905433863,171.658,176900.3683657724
823,5006.11905433863,171.552,182123.9127877841
824,5011.11905433863,171.449,177038.34121595806
825,5016.11905433863,171.352,166794.47091080915
826,5021.11905433863,171.271,139348.42077415754
827,5026.11905433863,171.195,130816.89149278677
828,5031.11905433863,171.127,117113.86611048479
829,5036.11905433863,171.054,125798.29055169615
830,5041.11905433863,170.988,113802.1132765545
831,5046.11905433863,170.927,105245.97158432791
832,5051.11905433863,170.864,108764.90306017123
833,5056.11905433863,170.806,100196.40344314846
834,5061.11905433863,170.749,98533.07956049226
835,5066.11905433863,170.687,107244.8363770755
836,5071.11905433863,170.627,103850.63573475606
837,5076.11905433863,170.563,110842.94784962403
838,5081.11905433863,170.504,102247.11991785635
839,5086.11905433863,170.457,81505.90722765349
840,5091.11905433863,170.399,100649.63163035497
841,5097.11905433863,170.356,74685.35854454093
842,5102.11905433863,170.301,95593.99138817276
843,5107.11905433863,170.258,74788.84039510155
844,5112.11905433863,170.214,76583.46954144581
845,5117.11905433863,170.173,71413.83294551015
846,5122.11905433863,170.126,81923.44362739677
847,5127.11905433863,170.085,71516.39432441404
848,5132.11905433863,170.048,64587.31286145709
849,5137.11905433863,169.989,103061.82256092418
872,5253.11905433863,169.969,35716.796949515316
873,5258.11905433863,169.919,89358.57845702194
874,5263.11905433863,169.858,109085.49497849963
875,5268.11905433863,169.842,28633.280684125453
876,5273.11905433863,169.81,57312.813857434325
877,5278.11905433863,169.729,145162.30851285785
878,5283.11905433863,169.651,139852.82568359797
879,5288.11905433863,169.575,136333.92804889695
880,5293.11905433863,169.512,113074.15522902572
881,5298.11905433863,169.478,61064.31885981387
882,5303.11905433863,169.447,55718.148390253955
883,5308.11905433863,169.41,66551.65204066398
884,5313.11905433863,169.381,52201.07060860818
885,5318.11905433863,169.334,84662.35468803921
886,5323.11905433863,169.288,82916.16013922583
887,5328.11905433863,169.239,88381.89579630848
888,5333.11905433863,169.179,108289.40904787433
889,5338.11905433863,169.107,130018.38785395677
890,5343.11905433863,169.035,130084.77335560138
891,5348.11905433863,168.959,137380.04352555002
892,5353.11905433863,168.872,157335.1120024061
893,5358.11905433863,168.792,144739.51298915857
894,5363.11905433863,168.701,164711.37764955236
895,5368.11905433863,168.611,162965.78770114266
896,5373.11905433863,168.513,177517.92403130833
897,5378.11905433863,168.415,177579.81188056408
898,5383.11905433863,168.321,170392.85792087595
899,5388.11905433863,168.24,146887.88970080815
900,5393.11905433863,168.161,143325.80079690102
901,5398.11905433863,168.066,172424.3706518938
902,5403.11905433863,167.989,139812.37838304086
903,5408.11905433863,167.91,143509.96079644407
904,5413.11905433863,167.83,145392.04730426322
905,5418.11905433863,167.757,132732.27329346232
906,5423.11905433863,167.688,125521.91381163152
907,5428.11905433863,167.617,129225.35762556229
908,5433.11905433863,167.555,112903.82154017859
909,5438.11905433863,167.485,127539.1185575806
910,5443.11905433863,167.414,129425.55410075374
911,5448.11905433863,167.349,118548.86413418743
912,5454.11905433863,167.286,114983.76517414069
913,5459.11905433863,167.222,116871.61578422434
914,5464.11905433863,167.159,115107.14839108507
915,5469.11905433863,167.088,129790.60119543846
916,5474.11905433863,167.012,138996.6413801327
917,5479.11905433863,166.944,124425.35843795043
918,5484.11905433863,166.88,117166.75578850157
919,5489.11905433863,166.822,106240.34038689942
920,5494.11905433863,166.758,117294.60698534902
921,5499.11905433863,166.682,139355.59556841917
922,5504.11905433863,166.602,146754.7851924665
923,5509.11905433863,166.515,159660.76544613068
924,5514.11905433863,166.43,156051.36132643832
925,5519.11905433863,166.356,135914.73096769056
926,5524.11905433863,166.293,115768.33879629981
927,5529.11905433863,166.226,123181.98830159838
928,5534.11905433863,166.178,88299.03888664549
929,5539.11905433863,166.139,71788.99364442193
930,5544.11905433863,166.096,79203.8669427941
931,5549.11905433863,166.067,53453.14894093548
932,5554.11905433863,166.053,25824.876284595695
933,5559.11905433863,166.044,16615.500845272658
935,5569.11905433863,166.028,29589.576041833563
936,5574.11905433863,165.977,94382.40522839782
937,5579.11905433863,165.918,109249.22139383883
943,5610.11905433863,165.904,26061.852947901167
967,5731.11905433863,165.866,72253.70800896795
968,5736.11905433863,165.829,70397.75435997921
969,5741.11905433863,165.815,26656.107627218178
976,5776.11905433863,165.749,126400.1071167652
977,5781.11905433863,165.664,162854.73077823516
978,5786.11905433863,165.581,159079.7095108121
979,5791.11905433863,165.485,184055.2916009451
980,5796.11905433863,165.396,170686.4845249091
981,5801.11905433863,165.308,168823.88826563643
982,5806.11905433863,165.189,228349.68656310832
983,5811.11905433863,165.098,174659.6741980924
984,5816.11905433863,165.007,174713.62821936898
985,5821.11905433863,164.907,192046.86716929657
986,5826.11905433863,164.803,199776.69019424872
987,5831.11905433863,164.704,190218.06007753784
988,5836.11905433863,164.611,178738.70381333
989,5842.11905433863,164.518,178821.4046078734
990,5847.11905433863,164.433,163490.33110373377
991,5852.11905433863,164.35,159698.4125005342
992,5857.11905433863,164.258,177072.04839511623
993,5862.11905433863,164.172,165575.43544743804
994,5867.11905433863,164.089,159853.54853538593
995,5872.11905433863,164.011,150278.09641482905
996,5877.11905433863,163.925,165749.42662147878
997,5882.11905433863,163.836,171585.70087984583
998,5887.11905433863,163.742,181278.12444476454
999,5892.11905433863,163.651,175542.5065536559
1000,5897.11905433863,163.569,158231.73435081885
1001,5902.11905433863,163.499,135127.59924049673
1002,5907.11905433863,163.382,225918.22308132923
1003,5912.11905433863,163.29,177681.78552616466
1004,5917.11905433863,163.2,173869.2180045983
1005,5922.11905433863,163.11,173920.20017586314
1006,5927.11905433863,163.034,146915.16808126678
1007,5932.11905433863,162.954,154703.97010282852
1008,5937.11905433863,162.867,168296.1118641529
1009,5942.11905433863,162.776,176085.86224425235
1010,5947.11905433863,162.684,178070.54180312974
1011,5952.11905433863,162.601,160699.20886701185
1012,5957.11905433863,162.536,125897.18816807805
1013,5962.11905433863,162.495,79452.81425237414
1014,5967.11905433863,162.448,91131.75764307028
1015,5972.11905433863,162.391,110578.69934509322
1016,5977.11905433863,162.39,1941.2547035964237
1018,5987.11905433863,162.347,83602.28045495396
1022,6007.11905433863,162.32,52658.45969443363
1030,6048.11905433863,162.313,13743.933230779608
1034,6068.11905433863,162.299,27576.979674501323
1039,6093.11905433863,162.262,73170.78609563455
1040,6098.11905433863,162.249,25725.78726176263
1044,6118.11905433863,162.199,99250.57454706915
1045,6123.11905433863,162.115,166808.31157106374
1046,6128.11905433863,162.034,160900.31673096414
1047,6133.11905433863,161.958,151018.19465763628
1048,6138.11905433863,161.879,157032.25475580423
1049,6144.11905433863,161.797,163073.7180806204
1050,6149.11905433863,161.705,183011.21273310157
1051,6154.11905433863,161.606,196979.74417218615
1052,6159.11905433863,161.502,206966.30649853175
1053,6164.11905433863,161.41,183123.05711088862
1054,6169.11905433863,161.314,191128.58665847572
1055,6174.11905433863,161.214,199132.62703576166
1056,6179.11905433863,161.117,193196.99751870718
1057,6184.11905433863,161.023,187262.29854346497
1058,6189.11905433863,160.933,179336.16128328512
1059,6194.11905433863,160.829,207275.34205682913
1060,6199.11905433863,160.719,219264.57670531975
1061,6204.11905433863,160.611,215305.5141789164
1062,6209.11905433863,160.504,213341.0153693312
1063,6214.11905433863,160.402,203403.10510367012
1064,6219.11905433863,160.296,211412.65850374784
1065,6224.11905433863,160.187,217424.95381114617
1066,6229.11905433863,160.075,223434.41417707328
1067,6234.11905433863,159.968,213484.91960232233
1068,6239.11905433863,159.871,193564.81912435955
1069,6244.11905433863,159.776,189611.82271940485
1070,6249.11905433863,159.685,181667.83382186102
1071,6254.11905433863,159.594,181709.60785708303
1072,6259.11905433863,159.492,203714.12078242272
1073,6264.11905433863,159.355,273629.49283226405
1074,6269.11905433863,159.25,209724.13101227328
1075,6274.11905433863,159.136,227725.45029275975
1076,6279.11905433863,159.025,221752.55851664508
1077,6284.11905433863,158.921,207793.09375250482
1078,6289.11905433863,158.817,207822.37944906458
1079,6294.11905433863,158.706,221836.55965851172
1080,6299.11905433863,158.607,197880.4440844251
1081,6305.11905433863,158.526,161964.46700580313
1082,6310.11905433863,158.428,196001.7125254133
1083,6315.11905433863,158.333,190036.4255432768
1084,6320.11905433863,158.24,186072.45159316892
1085,6325.11905433863,158.15,180108.39758420477
1086,6330.11905433863,158.067,166140.37433147812
1087,6335.11905433863,157.973,188202.19643770717
1088,6340.11905433863,157.884,178228.81758906925
1089,6345.11905433863,157.792,184276.16583892994
1090,6350.11905433863,157.695,194327.8609793416
1091,6355.11905433863,157.626,138269.27217796142
1092,6360.11905433863,157.528,196432.86212422804
1093,6365.11905433863,157.46,136335.6562067523
1094,6370.11905433863,157.389,142399.4186038978
1095,6375.11905433863,157.309,160498.97729300574
1096,6380.11905433863,157.233,152517.97097681015
1097,6385.11905433863,157.161,144535.9046378267
1098,6390.11905433863,157.097,128521.3461618002
1099,6395.11905433863,157.082,30138.181640625542
1104,6420.11905433863,157.077,10084.690909950676
1105,6425.11905433863,157.036,82746.75028212785
1106,6430.11905433863,156.982,109035.34876109076
1107,6435.11905433863,156.914,137357.15288631048
1108,6440.11905433863,156.821,187905.6398906809
1109,6445.11905433863,156.725,194000.76470512673
1110,6451.11905433863,156.634,183957.9756331299
1111,6456.11905433863,156.584,101108.63489805737
1114,6471.11905433863,156.574,20264.827008167336
1115,6476.11905433863,156.503,143954.19868749092
1116,6481.11905433863,156.433,141972.2830671821
1119,6496.11905433863,156.395,77222.38139812893
1122,6512.11905433863,156.387,16294.988976453078
1123,6517.11905433863,156.341,93751.93795074396
1128,6542.11905433863,156.317,49090.70062299564
1137,6587.11905433863,156.305,24711.339996066352
1138,6593.11905433863,156.301,8244.194300441692
1144,6623.11905433863,156.261,82805.41351447116
1148,6643.11905433863,156.24,43595.608299569554
1149,6649.11905433863,156.166,153714.62685946436
1150,6654.11905433863,156.089,159989.20978905942
1151,6659.11905433863,155.999,187040.80326874618
1152,6664.11905433863,155.912,180839.24733710734
1153,6669.11905433863,155.836,158010.4240483352
1154,6674.11905433863,155.754,170526.27800363852
1155,6679.11905433863,155.674,166405.17510833257
1156,6684.11905433863,155.603,147723.48940828873
1157,6689.11905433863,155.498,218504.12082703708
1158,6694.11905433863,155.408,187311.76008374564
1159,6699.11905433863,155.321,181100.11912327344
1160,6704.11905433863,155.232,185296.60133669735
1161,6709.11905433863,155.159,152018.86258486682
1162,6714.11905433863,155.074,177050.01020965146
1163,6719.11905433863,154.972,212490.0706047985
1164,6724.11905433863,154.869,214591.00050729758
1165,6729.11905433863,154.774,197944.3380775424
1166,6734.11905433863,154.691,172969.85471152174
1167,6739.11905433863,154.605,179256.90076466853
1168,6744.11905433863,154.518,181374.32135576312
1169,6749.11905433863,154.433,177237.50188135938
1170,6754.11905433863,154.346,181441.12109070487
1171,6759.11905433863,154.254,191899.50089556596
1172,6764.11905433863,154.177,160642.3283117475
1173,6769.11905433863,154.096,169025.66769726548
1174,6774.11905433863,154.017,164888.33739098176
1175,6779.11905433863,153.942,156576.80436410653
1176,6784.11905433863,153.867,156615.96764980457
1177,6789.11905433863,153.787,167095.9706834465
1178,6794.11905433863,153.703,175486.38811356784
1179,6799.11905433863,153.619,175519.584745473
1180,6804.11905433863,153.527,192266.93149790523
1181,6809.11905433863,153.43,202740.3554835326
1182,6814.11905433863,153.33,209029.91611087995
1183,6819.11905433863,153.22,229944.1040718543
1184,6824.11905433863,153.102,246664.58004163744
1185,6829.11905433863,152.993,227849.15246623688
1186,6834.11905433863,152.885,225763.92015513164
1187,6839.11905433863,152.788,202781.80175355283
1188,6845.11905433863,152.683,219553.463078065
1189,6850.11905433863,152.581,213291.66378637808
1190,6855.11905433863,152.487,196580.08120887147
1191,6860.11905433863,152.38,223782.35898407747
1192,6865.11905433863,152.28,209152.71710946882
1193,6870.11905433863,152.176,217531.49254803115
1194,6875.11905433863,152.084,192447.78255949024
1195,6880.11905433863,151.992,192471.27550419787
1196,6885.11905433863,151.906,179944.15629225166
1197,6890.11905433863,151.825,169512.1627899956
1198,6895.11905433863,151.742,173729.8402953751
1199,6900.11905433863,151.665,161202.92048781467
1200,6905.11905433863,151.581,175891.77755117233
1201,6910.11905433863,151.496,178015.3429736592
1202,6915.11905433863,151.417,165479.6771904595
1203,6920.11905433863,151.331,180174.48949783706
1204,6925.11905433863,151.273,121542.98612649179
1212,6965.11905433863,151.213,126411.06013624527
1213,6970.11905433863,151.161,109594.3045046868
1214,6975.11905433863,151.073,185514.39563965745
1215,6980.11905433863,150.998,158136.86571477028
1216,6985.11905433863,150.916,172930.2292020572
1217,6990.11905433863,150.846,147654.66142525896
1218,6995.11905433863,150.763,175112.6416173783
1219,7000.11905433863,150.68,175141.36171204763
1220,7005.11905433863,150.591,187829.0908131463
1221,7010.11905433863,150.514,162530.20613495694
1222,7015.11905433863,150.43,177337.27104987306
1223,7020.11905433863,150.351,166809.9559133755
1224,7025.11905433863,150.33,44358.71626990113
1232,7065.11905433863,150.293,78585.6795624934
1233,7070.11905433863,150.213,169969.0557234733
1234,7075.11905433863,150.133,169998.6965995174
1235,7080.11905433863,150.06,155154.35908738853
1236,7085.11905433863,149.989,150937.68498659853
1237,7090.11905433863,149.919,148846.83977438678
1238,7095.11905433863,149.859,127617.63599229639
1239,7100.11905433863,149.811,102129.24849665942
1240,7105.11905433863,149.772,83014.34238461466
1241,7111.11905433863,149.727,95839.7870544648
1242,7116.11905433863,149.676,108659.95705456799
1243,7121.11905433863,149.627,104437.2425196685
1244,7126.11905433863,149.587,85289.38346903879
1245,7131.11905433863,149.548,83193.52463443669
1246,7136.11905433863,149.507,87497.77543559801
1247,7141.11905433863,149.459,102477.68636157522
1248,7146.11905433863,149.421,81161.61839253105
1249,7151.11905433863,149.383,81197.7531606414
1250,7156.11905433863,149.333,106882.36297181522
1251,7161.11905433863,149.278,117611.39070644577
1252,7166.11905433863,149.214,136897.86936111428
1253,7171.11905433863,149.145,147630.18578538112
1254,7176.11905433863,149.079,141246.0013048369
1255,7181.11905433863,149.012,143422.00632181496
1256,7186.11905433863,148.948,137035.26613955217
1257,7191.11905433863,148.893,117799.55496449457
1258,7196.11905433863,148.836,122122.1198059378
1259,7201.11905433863,148.777,126445.65206206964
1260,7206.11905433863,148.709,145772.92824389564
1261,7211.11905433863,148.642,143663.6419491009
1262,7216.11905433863,148.586,120110.6275198098
1263,7221.11905433863,148.518,145888.7881754011
1264,7226.11905433863,148.457,130904.57907591022
1265,7231.11905433863,148.424,70843.80124701871
1276,7286.11905433863,148.393,67041.96397991329
1277,7291.11905433863,148.351,90871.02497175126
1281,7311.11905433863,148.31,88925.87948093834
1282,7316.11905433863,148.254,121503.06174895453
1286,7336.11905433863,148.205,106568.06741773114
1287,7341.11905433863,148.134,154457.65144055692
1288,7346.11905433863,148.097,80517.48316262562
1293,7372.11905433863,148.062,76416.17924547817
1294,7377.11905433863,148.053,19660.28047901114
1298,7397.11905433863,148.004,107308.4749176607
1299,7402.11905433863,147.948,122677.62854866221
1300,7407.11905433863,147.906,92039.88362950014
1305,7432.11905433863,147.895,24182.710732307136
1306,7437.11905433863,147.849,101176.2335299364
1322,7517.11905433863,147.848,2222.789552958208
1325,7532.11905433863,147.846,4454.404823328483
1326,7537.11905433863,147.786,133692.81481633935
1330,7557.11905433863,147.77,35736.83006756593
1331,7562.11905433863,147.719,113960.67285965692
1336,7588.11905433863,147.686,73971.75420511875
1337,7593.11905433863,147.606,179374.98494352907
1338,7598.11905433863,147.549,127829.50128052212
1339,7603.11905433863,147.486,141320.73250243548
1340,7608.11905433863,147.403,186214.70144463016
1341,7613.11905433863,147.323,179502.73011268486
1342,7618.11905433863,147.243,179523.1085888531
1343,7623.11905433863,147.148,213196.87594494878
1344,7628.11905433863,147.046,228902.97942136275
1345,7633.11905433863,146.955,204217.16179356424
1346,7638.11905433863,146.871,188519.34941785576
1347,7643.11905433863,146.793,175071.695289924
1348,7648.11905433863,146.7,208754.25472223552
1349,7653.11905433863,146.604,215490.28138686318
1350,7658.11905433863,146.51,211001.97939843137
1351,7663.11905433863,146.419,204272.2319335754
1352,7668.11905433863,146.329,202034.38652276495
1353,7673.11905433863,146.234,213262.71933997236
1354,7678.11905433863,146.138,215507.2343188972
1355,7683.11905433863,146.037,226726.34627983827
1356,7688.11905433863,145.94,217741.13190149603
1357,7693.11905433863,145.842,219981.93906344316
1358,7698.11905433863,145.75,206513.3136789584
1359,7703.11905433863,145.665,190808.37733372566
1360,7708.11905433863,145.576,199797.90683390963
1361,7713.11905433863,145.485,204293.92120176647
1362,7718.11905433863,145.403,184098.87366928285
1363,7723.11905433863,145.323,179624.92081529647
1364,7728.11905433863,145.251,161682.51355887443
1365,7733.11905433863,145.166,190895.48509434614
1366,7738.11905433863,145.091,168453.24167661206
1367,7743.11905433863,145.022,155000.18537662047
1368,7748.11905433863,144.956,148287.74843118008
1369,7753.11905433863,144.891,146069.18940528267
1370,7758.11905433863,144.819,161827.53632874214
1371,7763.11905433863,144.756,141624.32761006028
1372,7768.11905433863,144.711,101187.6353235727
1373,7773.11905433863,144.642,155193.096923411
1374,7778.11905433863,144.56,184454.7021137186
1375,7783.11905433863,144.47,202459.94102480216
1376,7788.11905433863,144.407,141737.93348776476
1381,7813.11905433863,144.36,106040.03464831089
1382,7818.11905433863,144.32,90277.38434430522
1383,7823.11905433863,144.286,76765.16932506098
1384,7828.11905433863,144.253,74537.68224608878
1389,7854.11905433863,144.226,61175.20708823707
1396,7889.11905433863,144.177,111487.03452880777
1397,7894.11905433863,144.176,2276.2929116865757
1400,7909.11905433863,144.169,15963.884536009497
1401,7914.11905433863,144.118,116358.41963076098
1402,7919.11905433863,144.112,13695.166110192658
1436,8090.11905433863,144.037,174836.97865412015
1437,8095.11905433863,143.951,200491.55457502478
1438,8100.11905433863,143.876,174857.47252895785
1439,8105.11905433863,143.789,202845.63933071084
1440,8110.11905433863,143.691,228486.70852260888
1441,8115.11905433863,143.592,230802.23898144453
1442,8120.11905433863,143.494,228454.90488574904
1443,8125.11905433863,143.407,202806.1160173408
1444,8130.11905433863,143.317,209799.023016265
1445,8135.11905433863,143.235,191153.0400912103
1446,8140.11905433863,143.151,195822.15538165657
1447,8145.11905433863,143.055,223793.46663034853
1448,8150.11905433863,142.952,240092.0833385657
1449,8155.11905433863,142.848,242396.234675883
1450,8160.11905433863,142.76,205092.38489274812
1451,8165.11905433863,142.679,188782.11683783453
1452,8170.11905433863,142.589,209760.61701538446
1453,8175.11905433863,142.504,198106.8834074964
1454,8180.11905433863,142.422,191119.74533745722
1455,8185.11905433863,142.344,181805.80178497484
1456,8190.11905433863,142.278,153851.81232194783
1457,8195.11905433863,142.232,107253.29281887661
1458,8200.11905433863,142.161,165576.00853365255
1459,8205.11905433863,142.089,167925.96656610075
1460,8210.11905433863,142.004,198257.17496287762
1461,8215.11905433863,141.915,207586.12642419728
1462,8220.11905433863,141.833,191260.2719972843
1463,8225.11905433863,141.749,195929.63978007383
1464,8230.11905433863,141.642,249560.5585753028
1465,8235.11905433863,141.545,226211.62998519596
1466,8240.11905433863,141.45,221531.68671934056
1467,8245.11905433863,141.356,219186.2990924275
1468,8250.11905433863,141.266,209849.86326378424
1469,8255.11905433863,141.176,209843.31023510394
1470,8260.11905433863,141.1,177204.1358298539
1471,8265.11905433863,141.036,149240.8082889361
1472,8270.11905433863,140.98,130609.13013281536
1473,8275.11905433863,140.906,172615.37552155845
1474,8280.11905433863,140.823,193618.221867957
1475,8285.11905433863,140.742,188956.76326936367
1476,8290.11905433863,140.67,167971.6067990134
1477,8295.11905433863,140.598,167986.91132459173
1478,8300.11905433863,140.52,181998.4037287771
1479,8305.11905433863,140.41,256647.28055292045
1480,8310.11905433863,140.309,235613.63939230132
1481,8315.11905433863,140.208,235585.7574283547
1482,8320.11905433863,140.106,237889.07696499262
1483,8325.11905433863,139.999,249514.09958055924
1484,8330.11905433863,139.893,247142.5703298237
1485,8335.11905433863,139.781,261085.0016771352
1486,8340.11905433863,139.671,256372.92449706604
1487,8345.11905433863,139.566,244677.93098449352
1488,8350.11905433863,139.463,239982.31307016462
1489,8355.11905433863,139.36,239948.73408900347
1490,8360.11905433863,139.267,216630.00493308977
1491,8366.11905433863,139.194,170063.56509330127
1492,8371.11905433863,139.128,153771.19543115378
1493,8376.11905433863,139.04,205037.20908942525
1494,8381.11905433863,138.941,230649.39372854217
1495,8386.11905433863,138.84,235279.95824035502
1496,8391.11905433863,138.731,253875.31246648988
1497,8396.11905433863,138.629,237532.25325296793
1498,8401.11905433863,138.53,230516.1298421382
1499,8406.11905433863,138.438,214196.79036629983
1500,8411.11905433863,138.347,211854.5144583686
1501,8416.11905433863,138.252,221149.56085954336
1502,8421.11905433863,138.162,209494.36820574416
1503,8426.11905433863,138.074,204828.57323228286
1504,8431.11905433863,137.981,216453.08906076816
1505,8436.11905433863,137.884,225741.30834375677
1506,8441.11905433863,137.787,225716.25789032612
1507,8446.11905433863,137.693,218713.2664463716
1508,8451.11905433863,137.602,211716.12462585696
1509,8456.11905433863,137.517,197747.3165394186
1510,8461.11905433863,137.444,169832.87620991774
1511,8466.11905433863,137.323,281471.4262385745
1512,8471.11905433863,137.216,248844.82328431922
1513,8476.11905433863,137.111,244148.97274109538
1514,8481.11905433863,137.009,237134.12422789008
1515,8486.11905433863,136.909,232450.07591261962
1516,8491.11905433863,136.803,246356.8449317076
1517,8496.11905433863,136.699,241665.3775743364
1518,8501.11905433863,136.609,209108.14618529432
1519,8506.11905433863,136.523,199803.22462129677
1520,8511.11905433863,136.428,220696.25341507175
1521,8516.11905433863,136.327,234604.2193192773
1522,8521.11905433863,136.228,229924.88678164696
1523,8526.11905433863,136.127,234535.24665948204
1524,8531.11905433863,136.026,234498.73404353543
1525,8536.11905433863,135.924,236782.55283640279
1526,8541.11905433863,135.826,227462.8120956498
1527,8546.11905433863,135.725,234391.42470779349
1528,8551.11905433863,135.616,252909.34229019412
1529,8556.11905433863,135.513,238940.63631764922
1530,8561.11905433863,135.413,231942.97409156157
1531,8566.11905433863,135.303,255088.40345060863
1532,8571.11905433863,135.183,278204.12502383115
1533,8576.11905433863,135.076,248001.74946719428
1534,8581.11905433863,134.971,243317.0730130096
1535,8586.11905433863,134.871,231689.55378607128
1536,8591.11905433863,134.755,268701.13167286455
1537,8596.11905433863,134.648,247792.76799076932
1538,8601.11905433863,134.541,247739.95017166308
1539,8606.11905433863,134.429,259256.23830907955
1540,8611.11905433863,134.316,261504.0564991795
1541,8616.11905433863,134.198,272998.73382727697
1542,8621.11905433863,134.09,249797.8211958529
1543,8626.11905433863,133.986,240495.37112756277
1544,8631.11905433863,133.891,219647.4364973089
1545,8636.11905433863,133.797,217307.83111725943
1546,8641.11905433863,133.7,224212.9220968262
1547,8646.11905433863,133.614,198765.6655246307
1548,8651.11905433863,133.514,231095.6130747238
1549,8656.11905433863,133.411,237985.06159369185
1550,8661.11905433863,133.323,203298.9138259023
1551,8666.11905433863,133.312,25417.597194579404
1571,8767.11905433863,133.286,60769.70654688727
1572,8772.11905433863,133.264,51440.58334652695
1573,8777.11905433863,133.252,28070.911942634437
1574,8782.11905433863,133.187,152093.43621672515
1579,8807.11905433863,133.167,46916.22777201023
1583,8827.11905433863,133.156,25859.513106984738
1587,8847.11905433863,133.139,40051.04066576715
1596,8892.11905433863,133.112,63923.460939127355
1597,8897.11905433863,133.054,137350.41423257432
1598,8902.11905433863,132.996,137367.70891557672
1599,8907.11905433863,132.941,130280.28859746702
1600,8912.11905433863,132.889,123193.6476271538
1601,8917.11905433863,132.85,92415.425714892
1602,8922.11905433863,132.827,54519.241951979886
1607,8948.11905433863,132.803,57045.332745697444
1608,8953.11905433863,132.797,14267.69052499458
1611,8968.11905433863,132.735,147642.00050163246
1612,8973.11905433863,132.725,23820.04184169336
1616,8993.11905433863,132.718,16710.123507997603
1620,9013.11905433863,132.702,38276.192950419725
1621,9018.11905433863,132.698,9573.635188063578
1632,9073.11905433863,132.668,72230.91932921148
1633,9078.11905433863,132.586,197456.60611442686
1634,9083.11905433863,132.514,173371.31001397886
1635,9088.11905433863,132.427,209479.93548271334
1636,9093.11905433863,132.351,182981.9986496793
1637,9098.11905433863,132.26,219079.0766789912
1638,9103.11905433863,132.174,207016.9798252506
1639,9108.11905433863,132.1,178120.89006753478
1640,9113.11905433863,132.008,221429.98354266334
1641,9118.11905433863,131.922,206962.88393302777
1642,9123.11905433863,131.829,223779.554954155
1643,9128.11905433863,131.733,230959.23016317014
1644,9133.11905433863,131.632,242939.73387433303
1645,9138.11905433863,131.519,271731.6839013128
1646,9143.11905433863,131.427,221181.48562334667
1647,9148.11905433863,131.33,233162.03488095486
1648,9153.11905433863,131.244,206689.91310138698
1649,9158.11905433863,131.154,216276.49112583947
1650,9163.11905433863,131.066,211442.2709017087
1651,9168.11905433863,130.97,230628.21547418574
1652,9173.11905433863,130.881,213777.14537728528
1653,9178.11905433863,130.801,192139.8840302253
1654,9181.11905433863,130.756,108062.36804227416
1655,9182.11905433863,130.748,19209.286889509625
1656,9187.11905433863,130.71,91277.73940091018
1657,9192.11905433863,130.666,105714.36963768657
1658,9197.11905433863,130.63,86514.13513521207
1659,9202.11905433863,130.587,103361.24711975377
1660,9207.11905433863,130.539,115402.47216879934
1661,9212.11905433863,130.509,72144.15764691244
1662,9217.11905433863,130.459,120268.65626859115
1663,9222.11905433863,130.39,165985.05679119768
1664,9227.11905433863,130.295,228510.29541462247
1665,9232.11905433863,130.185,264526.0608401183
1666,9237.11905433863,130.076,262042.74079995495
1667,9242.11905433863,129.971,252355.46004095316
1668,9247.11905433863,129.858,271501.67573498085
1669,9252.11905433863,129.745,271412.19850357116
1670,9258.11905433863,129.636,261750.43944926278
1671,9263.11905433863,129.527,261671.69185929355
1672,9268.11905433863,129.429,235203.4337078242
1673,9273.11905433863,129.328,242347.93118149138
1674,9278.11905433863,129.236,220706.85691530432
1675,9283.11905433863,129.145,218270.92417844676
1676,9288.11905433863,129.053,220631.98625050663
1677,9293.11905433863,128.962,218196.53426529112
1678,9298.11905433863,128.867,227745.85007779932
1679,9303.11905433863,128.776,218116.39872899553
1680,9308.11905433863,128.694,196518.03585953935
1681,9313.11905433863,128.609,203684.9451232228
1682,9318.11905433863,128.521,210845.17981495746
1683,9323.11905433863,128.442,189260.03468319177
1684,9328.11905433863,128.36,196429.3296101508
1685,9333.11905433863,128.269,217958.5598914436
1686,9338.11905433863,128.173,229889.84894714857
1687,9343.11905433863,128.088,203513.54771864813
1688,9348.11905433863,127.993,227418.18917763585
1689,9353.11905433863,127.908,203445.16412555135
1690,9358.11905433863,127.818,215380.2917960902
1691,9363.11905433863,127.73,210559.91863262057
1692,9368.11905433863,127.628,244006.86283874523
1693,9373.11905433863,127.532,229597.92555889298
1694,9378.11905433863,127.433,236718.1203442304
1695,9383.11905433863,127.338,227101.9293363574
1696,9388.11905433863,127.239,236609.91926511517
1697,9393.11905433863,127.14,236551.810960446
1698,9398.11905433863,127.034,253208.29632683843
1699,9403.11905433863,126.942,219711.32397494407
1700,9408.11905433863,126.875,159992.01711899298
1701,9413.11905433863,126.807,162379.84302010064
1702,9418.11905433863,126.732,179089.5365188539
1703,9423.11905433863,126.662,167143.3280758395
1704,9428.11905433863,126.623,93132.04425245176
1705,9433.11905433863,126.595,66881.79513965639
1709,9453.11905433863,126.549,110078.01701499042
1710,9458.11905433863,126.483,157951.64751679517
1711,9463.11905433863,126.457,62233.63467373977
1712,9468.11905433863,126.446,26339.67284518308
1717,9493.11905433863,126.402,105613.91133265484
1718,9498.11905433863,126.387,36015.30026440948
1723,9523.11905433863,126.351,86646.74628799899
1730,9558.11905433863,126.347,9661.27027518486
1733,9573.11905433863,126.341,14514.073845616867
1734,9578.11905433863,126.275,159692.68412000494
1735,9583.11905433863,126.238,89534.89924543863
1789,9855.11905433863,126.177,151742.37244213617
1790,9860.11905433863,126.106,176615.36949241583
1791,9865.11905433863,126.028,194011.89035640805
1792,9870.11905433863,125.947,201448.8831460827
1793,9875.11905433863,125.865,203907.22530353125
1794,9880.11905433863,125.797,169078.63545879646
1795,9885.11905433863,125.713,208841.32864197143
1796,9890.11905433863,125.628,211292.35512508912
1797,9895.11905433863,125.536,228647.38675907638
1798,9900.11905433863,125.435,250948.92069782616
1799,9905.11905433863,125.337,243424.79851846892
1800,9910.11905433863,125.251,213568.69456861666
1801,9915.11905433863,125.169,203601.4173141928
1802,9920.11905433863,125.076,230868.79792603498
1803,9925.11905433863,124.957,295311.26780910004
1804,9930.11905433863,124.832,310054.31355802395
1805,9935.11905433863,124.712,297509.9219154815
1806,9940.11905433863,124.589,304804.0393049895
1807,9945.11905433863,124.464,309607.7169800248
1808,9950.11905433863,124.354,272334.5595148658
1809,9955.11905433863,124.256,242544.33051371187
1810,9960.11905433863,124.157,244948.08240990606
1811,9965.11905433863,124.07,215204.20985262253
1812,9970.11905433863,123.963,264602.28371630906
1813,9975.11905433863,123.863,247209.38547603844
1814,9980.11905433863,123.768,234781.75184676546
1815,9985.11905433863,123.683,210020.35408477215
1816,9990.11905433863,123.596,214920.15851849693
1817,9995.11905433863,123.505,224752.156123618
1818,10000.11905433863,123.416,219762.30633445166
1819,10005.11905433863,123.308,266598.3233047406
1820,10010.11905433863,123.207,249232.09436674183
1821,10015.11905433863,123.097,271344.027191579
1822,10020.11905433863,123.003,231799.42213162268
1823,10025.11905433863,122.923,197234.99428457834
1824,10030.11905433863,122.837,211990.17705630284
1825,10035.11905433863,122.739,241509.67089504728
1826,10040.11905433863,122.664,184790.6502218967
1827,10045.11905433863,122.59,182306.81651289994
1828,10050.11905433863,122.527,155197.66703127217
1829,10055.11905433863,122.471,137955.10725218547
1830,10060.11905433863,122.413,142886.60728117143
1831,10065.11905433863,122.353,147815.93582726052
1832,10070.11905433863,122.287,162594.5590798957
1833,10075.11905433863,122.225,152736.22563332482
1834,10080.11905433863,122.154,174899.22842099058
1835,10085.11905433863,122.078,187196.2685628054
1836,10090.11905433863,122.011,165013.43368026684
1837,10095.11905433863,121.958,130533.49333009415
1838,10100.11905433863,121.899,145316.09920179128
1839,10105.11905433863,121.847,128080.28214899533
1840,10110.11905433863,121.78,165027.56431502386
1841,10115.11905433863,121.715,160093.7594188464
1842,10121.11905433863,121.657,142865.42521658214
1843,10126.11905433863,121.608,120703.18723591189
1844,10131.11905433863,121.545,155194.95545944074
1845,10136.11905433863,121.483,152728.36597533824
1846,10141.11905433863,121.421,152725.7397320485
1847,10146.11905433863,121.358,155185.6721872824
1848,10151.11905433863,121.276,201966.54289171204
1849,10156.11905433863,121.183,229007.14969099144
1850,10161.11905433863,121.102,199412.8251365228
1851,10166.11905433863,121.039,155082.95673801232
1852,10171.11905433863,120.969,172304.452607185
1853,10176.11905433863,120.898,174749.98449941116
1854,10181.11905433863,120.83,167352.1851801621
1855,10186.11905433863,120.764,162419.74628972268
1856,10191.11905433863,120.701,155030.30943472614
1857,10196.11905433863,120.633,167325.57331845828
1858,10201.11905433863,120.55,204207.92924124803
1859,10206.11905433863,120.45,245967.46920954698
1860,10211.11905433863,120.354,236052.31802506105
1861,10216.11905433863,120.257,238436.73031298252
1862,10221.11905433863,120.168,218709.71682890013
1863,10226.11905433863,120.08,216198.80924989356
1864,10231.11905433863,119.985,233332.6915990785
1865,10236.11905433863,119.902,203807.48700181095
1866,10241.11905433863,119.804,240576.05303584845
1867,10246.11905433863,119.702,250308.71300330912
1868,10251.11905433863,119.596,260025.6624712899
1869,10256.11905433863,119.494,250117.8214795954
1870,10261.11905433863,119.403,223072.90084389976
1871,10266.11905433863,119.321,200963.0584205099
1872,10271.11905433863,119.292,71073.85339646527
1875,10286.11905433863,119.248,107960.63692575769
1879,10306.11905433863,119.223,61442.76292519365
1882,10321.11905433863,119.215,19687.57588061624
1883,10326.11905433863,119.16,135381.8746268052
1884,10331.11905433863,119.141,46776.404033569495
1889,10356.11905433863,119.09,125824.57852014621
1894,10381.11905433863,119.047,106301.52757446638
1895,10386.11905433863,118.977,173050.192125276
1896,10391.11905433863,118.895,202684.01427889772
1897,10397.11905433863,118.822,180424.7523675192
1898,10402.11905433863,118.745,190282.41673841453
1899,10407.11905433863,118.651,232237.19289225517
1900,10412.11905433863,118.554,239571.24992757195
1901,10417.11905433863,118.456,241958.21593273972
1902,10422.11905433863,118.36,236939.95641334564
1903,10427.11905433863,118.259,249192.7028353715
1904,10432.11905433863,118.158,249099.35933742492
1905,10437.11905433863,118.053,258863.0445391699
1906,10442.11905433863,117.949,256293.54203044865
1907,10447.11905433863,117.839,270963.58383428224
1908,10452.11905433863,117.736,253612.568461246
1909,10457.11905433863,117.637,243671.024834517
1910,10462.11905433863,117.55,214068.2322808564
1911,10467.11905433863,117.462,216471.07532142912
1912,10472.11905433863,117.368,231161.7654478724
1913,10477.11905433863,117.27,240916.3655458444
1914,10482.11905433863,117.171,243286.40884857636
1915,10487.11905433863,117.072,243196.88863590814
1916,10492.11905433863,116.968,255379.856521649
1917,10497.11905433863,116.873,233192.39759462915
1918,10502.11905433863,116.773,245377.81085702125
1919,10507.11905433863,116.676,237929.01430326674
1920,10512.11905433863,116.583,228040.31320013426
1921,10517.11905433863,116.487,235317.59404750052
1922,10522.11905433863,116.413,181344.5130538998
1923,10527.11905433863,116.351,151920.7290529669
1924,10532.11905433863,116.272,193551.03733139992
1925,10537.11905433863,116.245,66151.60140125919
1928,10553.11905433863,116.224,51518.73370230594
1929,10558.11905433863,116.174,122684.28759950247
1933,10578.11905433863,116.139,86010.21001549649
1934,10583.11905433863,116.121,44244.6341680941
1939,10608.11905433863,116.041,197024.17087146497
1940,10613.11905433863,115.976,160057.56283597596
1947,10648.11905433863,115.975,2469.8418627846922
1953,10678.11905433863,115.965,24766.82933461049
1954,10683.11905433863,115.904,151102.13205265452
1955,10688.11905433863,115.903,2477.580813605696
1962,10724.11905433863,115.827,188867.6082431226
1963,10729.11905433863,115.748,196283.06385565287
1964,10734.11905433863,115.69,144088.4166505026
1965,10739.11905433863,115.627,156500.8705444302
1966,10744.11905433863,115.569,144071.8462354206
1967,10749.11905433863,115.514,136616.62731387228
1968,10754.11905433863,115.456,144064.97492285635
1969,10759.11905433863,115.403,131643.491685568
1970,10764.11905433863,115.342,151509.7657228129
1971,10769.11905433863,115.268,183776.5243389515
1972,10774.11905433863,115.207,151473.07043198793
1973,10779.11905433863,115.164,106777.44673366343
1974,10784.11905433863,115.095,171336.6923839806
1975,10789.11905433863,115.003,228395.03388719622
1976,10794.11905433863,114.9,255604.83635379642
1977,10799.11905433863,114.793,265411.579665456
1978,10804.11905433863,114.687,262808.89950252237
1979,10809.11905433863,114.583,257733.49946117264
1980,10814.11905433863,114.504,195712.55325228456
1981,10819.11905433863,114.442,153573.62992293522
1982,10824.11905433863,114.364,193176.62397903847
1983,10829.11905433863,114.287,190658.84536880133
1984,10834.11905433863,114.175,277220.6648279612
1985,10839.11905433863,114.071,257294.4990383618
1986,10844.11905433863,113.961,272008.67718188267
1987,10849.11905433863,113.855,261989.90808720668
1988,10854.11905433863,113.754,249520.01356773282
1989,10860.11905433863,113.655,244499.19258879052
1990,10865.11905433863,113.561,232060.51575874237
1991,10870.11905433863,113.465,236908.76624931602
1992,10875.11905433863,113.369,236817.28853490643
1993,10880.11905433863,113.267,251514.31952391667
1994,10885.11905433863,113.161,261257.74814697998
1995,10890.11905433863,113.06,248820.9358817432
1996,10895.11905433863,112.977,204404.10213189595
1997,10900.11905433863,112.889,216653.03354881777
1998,10905.11905433863,112.802,214123.28853084147
1999,10910.11905433863,112.729,179621.6144124338
2000,10915.11905433863,112.696,81197.8435232045
2001,10920.11905433863,112.67,63986.61232079283
2002,10925.11905433863,112.641,71384.93547830169
2005,10940.11905433863,112.625,39430.989742327496
2006,10945.11905433863,112.547,192233.67912088323
2007,10951.11905433863,112.487,147862.44751644795
2008,10956.11905433863,112.447,98576.14733472459
2009,10961.11905433863,112.427,49297.41372449709
2014,10986.11905433863,112.367,148176.81880206548
2015,10991.11905433863,112.298,170383.06360167265
2016,10996.11905433863,112.207,224650.21745480096
2017,11001.11905433863,112.1,264036.19725420256
2018,11006.11905433863,111.969,323063.0418406454
2019,11011.11905433863,111.853,285885.5599217001
2020,11016.11905433863,111.754,243864.85200494053
2021,11021.11905433863,111.651,253603.829540477
2022,11026.11905433863,111.543,265784.07055109314
2023,11032.11905433863,111.442,248459.70380053433
2024,11037.11905433863,111.356,211478.13239189063
2025,11042.11905433863,111.267,218782.44065082519
2026,11047.11905433863,111.126,346409.07464704406
2027,11052.11905433863,111.0,309325.33763007855
2028,11057.11905433863,110.889,272333.2929731543
2029,11062.11905433863,110.771,289339.4585309824
2030,11067.11905433863,110.663,264668.7355932794
2031,11072.11905433863,110.549,279218.55842828844
2032,11077.11905433863,110.434,281503.3249982873
2033,11082.11905433863,110.319,281337.2681742653
2034,11087.11905433863,110.182,334926.7548883
2035,11092.11905433863,110.065,285831.6956072385
2036,11097.11905433863,109.952,275895.6972565606
2037,11102.11905433863,109.847,256224.63993259022
2038,11107.11905433863,109.741,258532.94624382243
2039,11113.11905433863,109.644,236491.00750238565
2040,11118.11905433863,109.548,233952.2641688338
2041,11123.11905433863,109.453,231417.54862182259
2042,11128.11905433863,109.349,253224.88935404774
2043,11133.11905433863,109.243,257962.7405945762
2044,11138.11905433863,109.134,265121.68369548145
2045,11143.11905433863,109.028,257686.5447480449
2046,11148.11905433863,108.92,262408.7071787495
2047,11153.11905433863,108.808,271974.7862118479
2048,11158.11905433863,108.703,254836.43153097588
2049,11163.11905433863,108.592,269251.5849952991
2050,11168.11905433863,108.481,269096.97893056204
2051,11173.11905433863,108.375,256833.5379986385
2052,11178.11905433863,108.253,295422.2160893985
2053,11183.11905433863,108.162,220237.7186231526
2054,11188.11905433863,108.076,208059.4979742294
2055,11193.11905433863,107.993,200734.3413990033
2056,11198.11905433863,107.907,207919.95572952347
2057,11204.11905433863,107.822,205449.53895522543
2058,11209.11905433863,107.749,176394.35326740492
2059,11214.11905433863,107.663,207746.399981051
2060,11219.11905433863,107.568,229396.7102525112
2061,11224.11905433863,107.472,231708.91789872674
2062,11229.11905433863,107.372,241250.88541101912
2063,11234.11905433863,107.271,243543.82663421886
2064,11239.11905433863,107.165,255467.60375481963
2065,11244.11905433863,107.058,257736.13403099988
2066,11249.11905433863,106.948,264811.68695774005
2067,11254.11905433863,106.838,264657.0405765908
2068,11259.11905433863,106.721,281324.8861166604
2069,11264.11905433863,106.585,326767.76834467053
2070,11269.11905433863,106.484,242511.09270667442
2071,11274.11905433863,106.378,254382.1421953176
2072,11279.11905433863,106.271,256638.79249310627
2073,11285.11905433863,106.156,275685.3583159268
2074,11290.11905433863,106.045,265930.97543292807
2075,11295.11905433863,105.936,260984.21891608273
2076,11300.11905433863,105.828,258439.5084336901
2077,11305.11905433863,105.723,251118.97031177062
2078,11310.11905433863,105.62,246202.39260399886
2079,11315.11905433863,105.517,246071.15005293785
2080,11320.11905433863,105.411,253099.38762070204
2081,11325.11905433863,105.302,260112.1294313445
2082,11330.11905433863,105.19,267108.73503843625
2083,11335.11905433863,105.087,245502.0274270706
2084,11340.11905433863,104.982,250131.78431072494
2085,11345.11905433863,104.884,233333.56603486498
2086,11350.11905433863,104.765,283165.39204514114
2087,11355.11905433863,104.666,235433.27992825906
2088,11360.11905433863,104.581,202051.02069985672
2089,11365.11905433863,104.504,182973.2456456779
2090,11370.11905433863,104.436,161545.74191451378
2091,11376.11905433863,104.365,168649.49746124106
2092,11381.11905433863,104.294,168608.87737390146
2093,11386.11905433863,104.24,128217.21934738725
2094,11391.11905433863,104.199,97348.4920472513
2095,11396.11905433863,104.181,42745.01919377712
2103,11436.11905433863,104.129,123877.41393086468
2104,11441.11905433863,104.051,185781.34884911988
2105,11446.11905433863,103.96,216663.59902571444
2106,11451.11905433863,103.886,176125.12753163232
2107,11456.11905433863,103.846,95192.10093581595
2111,11477.11905433863,103.798,114391.43562812067
2112,11482.11905433863,103.726,171562.69977355152
2113,11487.11905433863,103.694,76245.063496021
2117,11507.11905433863,103.692,4772.830784428931
2118,11512.11905433863,103.621,169449.4475633545
2119,11517.11905433863,103.56,145553.82281059574
2120,11522.11905433863,103.528,76354.9629031877
2126,11553.11905433863,103.451,184126.48321362218
2127,11558.11905433863,103.366,203185.31821918298
2128,11563.11905433863,103.322,105158.14984853094
2132,11583.11905433863,103.321,2393.5704707571263
2133,11588.11905433863,103.264,136454.09976591627
2139,11619.11905433863,103.204,143938.57637467672
2140,11624.11905433863,103.129,179882.95176288666
2141,11629.11905433863,103.041,210986.64183812295
2142,11634.11905433863,102.992,117453.61010498673
2145,11649.11905433863,102.943,117549.10529032188
2146,11654.11905433863,102.899,105551.9156728522
2147,11659.11905433863,102.856,103153.6477641094
2148,11664.11905433863,102.809,112748.34912958895
2151,11679.11905433863,102.767,100839.75630602197
2152,11684.11905433863,102.738,69633.2017015852
2154,11694.11905433863,102.713,60064.2113458368
2155,11700.11905433863,102.628,204213.7024726256
2156,11705.11905433863,102.597,74467.6747957402
2158,11715.11905433863,102.595,4807.697417984499
2159,11720.11905433863,102.558,88963.4506211057
2162,11735.11905433863,102.516,101075.84780788032
2163,11740.11905433863,102.474,101077.49420785661
2166,11755.11905433863,102.403,170993.1003811923
2167,11760.11905433863,102.384,45758.0705148492
2170,11776.11905433863,102.356,67509.19322520212
2171,11781.11905433863,102.284,173583.95063612203
2172,11786.11905433863,102.27,33752.569158600694
2178,11816.11905433863,102.207,152215.84828006776
2179,11821.11905433863,102.134,176334.36807381432
2180,11826.11905433863,102.112,53139.625272207304
2189,11872.11905433863,102.055,138162.01106509863
2190,11877.11905433863,101.981,179328.62988948647
2191,11882.11905433863,101.917,155055.37990024133
2196,11907.11905433863,101.879,92211.68292231583
2197,11912.11905433863,101.868,26697.643730631666
2202,11938.11905433863,101.791,187210.514913537
2203,11943.11905433863,101.742,119110.12367382999
2204,11948.11905433863,101.713,70496.2323038392
2210,11978.11905433863,101.7,31674.566705580502
2220,12029.11905433863,101.65,122306.06798498107
2221,12034.11905433863,101.588,151638.99787870073
2222,12039.11905433863,101.56,68480.24281420137
2225,12054.11905433863,101.558,4896.817108146895
2226,12059.11905433863,101.467,222795.54078666616
2227,12064.11905433863,101.393,181102.2121608672
2228,12069.11905433863,101.352,100325.09524953952
2235,12105.11905433863,101.349,7361.159212300763
2238,12120.11905433863,101.34,22109.533299044422
2239,12125.11905433863,101.293,115476.61471886931
2244,12150.11905433863,101.239,132882.54726492384
2245,12156.11905433863,101.221,44300.30154734686
2249,12176.11905433863,101.207,34507.0239910679
2250,12181.11905433863,101.203,9862.321231131742
2256,12211.11905433863,101.181,54369.37261126569
2259,12226.11905433863,101.135,113782.81711946928
2260,12232.11905433863,101.103,79161.57738598918
2264,12252.11905433863,101.068,86695.81064670587
2265,12257.11905433863,100.995,180799.8480657917
2266,12262.11905433863,100.986,22290.435618430183
2270,12282.11905433863,100.928,143836.04363080554
2271,12287.11905433863,100.851,190904.75986623086
2272,12292.11905433863,100.81,101632.48184528838
2284,12353.11905433863,100.784,64748.181748639545
2289,12379.11905433863,100.722,154656.9393781702
2290,12384.11905433863,100.652,174568.77133137008
2295,12409.11905433863,100.589,157325.08223969804
2296,12414.11905433863,100.501,219679.2576560367
2297,12419.11905433863,100.409,229551.5192470569
2298,12424.11905433863,100.313,239404.2263832051
2299,12429.11905433863,100.224,221832.3440541882
2300,12434.11905433863,100.121,256584.69893999322
2301,12439.11905433863,99.982,345985.6005781044
2302,12444.11905433863,99.861,300911.2801853074
2303,12449.11905433863,99.745,288250.5875233959
2304,12454.11905433863,99.636,270659.50351788884
2305,12460.11905433863,99.532,258092.3271487077
2306,12465.11905433863,99.413,295104.90012158186
2307,12470.11905433863,99.299,282487.7019179096
2308,12475.11905433863,99.185,282276.7144634844
2309,12480.11905433863,99.074,274646.847518958
2310,12485.11905433863,98.953,299159.27118778334
2311,12490.11905433863,98.848,259408.59410206953
2312,12495.11905433863,98.729,293781.028350488
2313,12500.11905433863,98.609,296009.8192734204
2314,12505.11905433863,98.493,285914.94119839644
2315,12510.11905433863,98.375,290615.3699227531
2316,12515.11905433863,98.261,280545.21634206874
2317,12520.11905433863,98.135,309821.5640262589
2318,12525.11905433863,98.024,272717.54597239156
2319,12530.11905433863,97.915,267610.1507152851
2320,12535.11905433863,97.807,264967.0457277627
2321,12540.11905433863,97.701,259879.52118403895
2322,12545.11905433863,97.6,247457.503939568
2323,12551.11905433863,97.499,247319.7884146214
2324,12556.11905433863,97.398,247162.14346867477
2325,12561.11905433863,97.309,217670.66488646358
2326,12566.11905433863,97.218,222444.89915676834
2327,12571.11905433863,97.144,180807.74028130827
2328,12576.11905433863,97.062,200273.33771950396
2329,12581.11905433863,96.971,222144.85688579964
2330,12586.11905433863,96.885,209830.94380421317
2331,12591.11905433863,96.804,197539.66193978686
2332,12596.11905433863,96.716,214508.88442683348
2333,12601.11905433863,96.627,216834.09635774308
2334,12606.11905433863,96.594,80380.30868334907
2338,12626.11905433863,96.538,136556.42701133518
2339,12631.11905433863,96.472,160903.53105274742
2340,12637.11905433863,96.414,141376.3540630616
2341,12642.11905433863,96.364,121856.12135285769
2342,12647.11905433863,96.291,177866.7426632117
2343,12652.11905433863,96.21,197279.19117642596
2344,12657.11905433863,96.151,143649.42862628025
2345,12662.11905433863,96.134,41390.50456016959
2351,12692.11905433863,96.096,92712.62974098152
2352,12697.11905433863,96.011,207332.46326462505
2353,12702.11905433863,95.928,202356.65842116438
2354,12707.11905433863,95.83,238795.79009094046
2355,12712.11905433863,95.724,258116.06885347358
2356,12718.11905433863,95.619,255519.9206925129
2357,12723.11905433863,95.513,257770.29025593493
2358,12728.11905433863,95.406,260014.25450567296
2359,12733.11905433863,95.306,242835.86010912358
2360,12738.11905433863,95.198,262079.56429140436
2361,12743.11905433863,95.088,266732.0867611254
2362,12748.11905433863,94.969,288321.4423101414
2363,12753.11905433863,94.844,302588.47338264727
2364,12758.11905433863,94.722,295057.68279188
2365,12763.11905433863,94.6,294793.3855238705
2366,12768.11905433863,94.475,301766.5137748845
2367,12773.11905433863,94.353,294254.5480247036
2368,12778.11905433863,94.243,265089.2355289239
2369,12783.11905433863,94.113,313011.0324378599
2370,12788.11905433863,94.005,259812.94106852985
2371,12793.11905433863,93.891,274030.4523530535
2372,12798.11905433863,93.783,259402.4131036362
2373,12803.11905433863,93.678,252008.9776097738
2374,12808.11905433863,93.573,251824.9756096256
2375,12814.11905433863,93.463,263637.1728591994
2376,12819.11905433863,93.365,234707.09671902732
2377,12824.11905433863,93.26,251296.62794414992
2378,12829.11905433863,93.156,248721.51799389147
2379,12834.11905433863,93.052,248540.826650508
2380,12839.11905433863,92.951,241199.5808079107
2381,12844.11905433863,92.847,248186.80973403098
2382,12849.11905433863,92.743,248005.47255064754
2383,12854.11905433863,92.641,243060.69669046561
2384,12859.11905433863,92.537,247647.49861740725
2385,12864.11905433863,92.437,237952.75579574367
2386,12869.11905433863,92.341,228281.28773977663
2387,12874.11905433863,92.229,266131.729232227
2388,12879.11905433863,92.134,225571.1374904254
2389,12884.11905433863,92.035,234912.6768897395
2390,12889.11905433863,91.942,220531.03543219375
2391,12894.11905433863,91.841,239341.708098513
2392,12900.11905433863,91.74,239189.89236756635
2393,12905.11905433863,91.637,243749.70773321466
2394,12910.11905433863,91.526,262476.8311348407
2395,12915.11905433863,91.422,245730.70087832503
2396,12920.11905433863,91.319,243186.65403920307
2397,12925.11905433863,91.213,250080.27011003374
2398,12930.11905433863,91.106,252242.4822178706
2399,12935.11905433863,91.012,221437.49312216206
2400,12940.11905433863,90.924,207176.068023759
2401,12945.11905433863,90.845,185888.68628567638
2402,12950.11905433863,90.765,188149.68971667107
2403,12955.11905433863,90.678,204503.56299215142
2404,12960.11905433863,90.58,230214.2754360261
2405,12965.11905433863,90.477,241784.83274399
2406,12970.11905433863,90.363,267388.8615956823
2407,12975.11905433863,90.276,203911.69018453851
2408,12980.11905433863,90.183,217841.27531167617
2409,12985.11905433863,90.086,227058.99940025702
2410,12990.11905433863,89.992,219888.0579523022
2411,12996.11905433863,89.901,212749.8868988538
2412,13001.11905433863,89.803,228962.60365700276
2413,13006.11905433863,89.723,186794.92234793174
2414,13011.11905433863,89.621,238013.54583950233
2415,13016.11905433863,89.547,172573.3293858485
2416,13021.11905433863,89.481,153855.5635359748
2417,13026.11905433863,89.431,116526.45061248502
2418,13031.11905433863,89.381,116506.02301721333
2419,13036.11905433863,89.323,135117.18393023493
2420,13041.11905433863,89.248,174657.42529889627
2421,13046.11905433863,89.166,190864.04336680158
2422,13051.11905433863,89.088,181460.30572114896
2423,13056.11905433863,89.004,195315.98978849748
2424,13061.11905433863,88.924,185915.10328802513
2425,13066.11905433863,88.831,215998.82330287676
2426,13071.11905433863,88.741,208895.82774453962
2427,13077.11905433863,88.66,187911.41378606402
2428,13082.11905433863,88.582,180858.67374347567
2429,13087.11905433863,88.502,185401.55124947618
2430,13092.11905433863,88.414,203826.0694463146
2431,13097.11905433863,88.356,134280.30864367154
2432,13102.11905433863,88.269,201332.0746835875
2433,13107.11905433863,88.186,191963.78549686214
2434,13112.11905433863,88.091,219579.676001487
2435,13117.11905433863,88.01,187104.9603896093
2436,13122.11905433863,87.928,189311.70933896097
2437,13127.11905433863,87.838,207657.10869344737
2438,13132.11905433863,87.767,163730.66942413186
2439,13137.11905433863,87.74,62252.72155448722
2442,13152.11905433863,87.727,30000.917363378543
2443,13157.11905433863,87.641,198431.03827162468
2444,13163.11905433863,87.559,189106.63358226858
2445,13168.11905433863,87.48,182089.81690102303
2446,13173.11905433863,87.449,71435.17683476208
2451,13198.11905433863,87.391,133838.42985669605
2452,13203.11905433863,87.304,200667.14283820638
2453,13208.11905433863,87.232,165981.04324330567
2454,13213.11905433863,87.19,96795.66337122947
2455,13218.11905433863,87.172,41485.27814194823
2461,13249.11905433863,87.141,71594.30438126765
2466,13274.11905433863,87.109,74016.48784701692
2467,13279.11905433863,87.029,184991.93871074967
2468,13284.11905433863,86.981,110955.33871898652
2475,13319.11905433863,86.916,150550.06500249583
2476,13324.11905433863,86.874,97255.14331905112
2477,13330.11905433863,86.862,27791.058768295963
2512,13507.11905433863,86.819,100874.98761247486
2513,13512.11905433863,86.741,182922.74387954592
2514,13517.11905433863,86.717,56271.65848626141
2520,13547.11905433863,86.704,30541.61413580426
2521,13552.11905433863,86.615,209046.7352917204
2522,13557.11905433863,86.527,206562.99024293988
2523,13562.11905433863,86.469,136079.15617962947
2524,13567.11905433863,86.448,49265.696035902394
2530,13598.11905433863,86.42,65819.0300511717
2531,13603.11905433863,86.374,108124.71827828312
2532,13608.11905433863,86.368,14104.162210107914
2536,13628.11905433863,86.363,11769.993161864124
2537,13633.11905433863,86.285,183590.9976024965
2538,13638.11905433863,86.272,30593.587825552506
2541,13653.11905433863,86.255,40044.03840851781
2542,13658.11905433863,86.173,193113.4564887081
2543,13663.11905433863,86.112,143590.97844289718
2544,13669.11905433863,86.103,21186.246041487146
2567,13785.11905433863,86.064,92560.36109690793
2568,13790.11905433863,86.043,49840.89642175439
2572,13810.11905433863,86.028,35644.81493698789
2573,13815.11905433863,85.985,102184.34317745501
2577,13836.11905433863,85.913,171244.885910601
2578,13841.11905433863,85.904,21403.255973034513
2581,13856.11905433863,85.869,83303.7498412237
2582,13861.11905433863,85.802,159429.99533486707
2583,13866.11905433863,85.767,83264.86630120955
2584,13871.11905433863,85.743,57096.855096233
2590,13902.11905433863,85.702,97721.40085210695
2591,13907.11905433863,85.618,200135.68145670826
2592,13912.11905433863,85.557,145265.82572669425
2593,13917.11905433863,85.496,145214.4629017257
2594,13922.11905433863,85.427,164193.1145035782
2595,13927.11905433863,85.342,202157.21647219898
2596,13932.11905433863,85.253,211530.73665666272
2597,13937.11905433863,85.165,209011.9640401861
2598,13942.11905433863,85.083,194636.66655058815
2599,13947.11905433863,85.006,182663.36802816772
2600,13952.11905433863,84.931,177823.5941802925
2601,13957.11905433863,84.834,229834.7406771866
2602,13962.11905433863,84.796,89998.98169711574
2608,13993.11905433863,84.712,199243.4324716855
2609,13998.11905433863,84.636,180162.06338669255
2610,14003.11905433863,84.577,139801.07728796042
2611,14008.11905433863,84.532,106600.45523221084
2612,14013.11905433863,84.478,127891.29157418851
2613,14018.11905433863,84.406,170455.39332282342
2614,14023.11905433863,84.316,212940.78237775908
2615,14028.11905433863,84.223,219878.5196288319
2616,14033.11905433863,84.133,212630.38123610913
2617,14038.11905433863,84.031,240792.0377706633
2618,14043.11905433863,83.95,191077.1517312227
2619,14048.11905433863,83.891,139113.17066174984
2620,14053.11905433863,83.825,155557.5724109581
2621,14058.11905433863,83.751,174329.44854008436
2622,14064.11905433863,83.707,103626.56693848952
2627,14089.11905433863,83.635,169754.49797693462
2628,14094.11905433863,83.553,193222.14126947336
2629,14099.11905433863,83.481,169562.3221528191
2630,14104.11905433863,83.419,145946.60315047964
2631,14109.11905433863,83.35,162354.49361454305
2632,14114.11905433863,83.285,152873.9048602763
2633,14119.11905433863,83.21,176307.20452141494
2634,14124.11905433863,83.1,258388.04639197496
2635,14129.11905433863,83.016,197154.11022973745
2636,14134.11905433863,82.926,211089.9585703635
2637,14139.11905433863,82.841,199222.94460386553
2638,14144.11905433863,82.763,182701.16996619978
2639,14150.11905433863,82.735,65570.85929115175
2643,14170.11905433863,82.711,56265.34840954074
2644,14175.11905433863,82.632,185156.78007430426
2645,14180.11905433863,82.549,194409.75837771714
2646,14185.11905433863,82.465,196622.43179314877
2647,14190.11905433863,82.379,201167.4147438287
2648,14195.11905433863,82.277,238405.77534714955
2649,14200.11905433863,82.172,245195.51472853727
2650,14205.11905433863,82.065,249631.65677963165
2651,14210.11905433863,81.93,314602.44403267436
2652,14215.11905433863,81.827,239766.0008510972
2653,14220.11905433863,81.736,211655.5652925018
2654,14225.11905433863,81.642,218462.7210808345
2655,14231.11905433863,81.542,232229.09317630628
2656,14236.11905433863,81.45,213474.3635552352
2657,14241.11905433863,81.36,208673.6933913264
2658,14246.11905433863,81.262,227039.77253975396
2659,14251.11905433863,81.161,233785.66052644505
2660,14256.11905433863,81.072,205840.35366628104
2661,14261.11905433863,80.981,210306.19847627805
2662,14266.11905433863,80.888,214759.5455442021
2663,14271.11905433863,80.782,244564.45265660237
2664,14276.11905433863,80.682,230507.92869896014
2665,14281.11905433863,80.589,214191.1226441469
2666,14286.11905433863,80.508,186417.52462504705
2667,14291.11905433863,80.434,170203.05493040476
2668,14296.11905433863,80.354,183891.55124071604
2669,14301.11905433863,80.245,250345.25067183026
2670,14306.11905433863,80.154,208816.5343079332
2671,14311.11905433863,80.073,185735.2414902878
2672,14316.11905433863,79.989,192483.1984383209
2673,14321.11905433863,79.909,183193.46356404715
2674,14326.11905433863,79.829,183074.04844018412
2675,14332.11905433863,79.74,203539.60957897356
2676,14337.11905433863,79.643,221654.02548503916
2677,14342.11905433863,79.557,196360.82039675766
2678,14347.11905433863,79.476,184814.89615006646
2679,14352.11905433863,79.404,164179.05662544534
2680,14357.11905433863,79.29,259736.3062378279
2681,14362.11905433863,79.191,225336.17599522194
2682,14367.11905433863,79.091,227405.63381590208
2683,14372.11905433863,79.0,206761.3432811561
2684,14377.11905433863,78.907,211133.03968175885
2685,14382.11905433863,78.822,192820.56678733692
2686,14387.11905433863,78.738,190414.09616894115
2687,14392.11905433863,78.641,219706.6785513045
2688,14397.11905433863,78.537,235342.67938717327
2689,14402.11905433863,78.487,113073.91711944915
2690,14407.11905433863,78.409,176312.7093896366
2691,14412.11905433863,78.338,160393.0062041671
2699,14453.11905433863,78.329,20378.941225975403
2704,14478.11905433863,78.277,117902.73625641825
2705,14483.11905433863,78.237,90672.43582684442
2720,14559.11905433863,78.21,61498.723464743445
2721,14564.11905433863,78.165,102485.88527047067
2726,14590.11905433863,78.116,111727.76140063872
2727,14595.11905433863,78.052,145874.59535857307
2728,14600.11905433863,78.019,75195.62097068243
2729,14605.11905433863,77.977,95690.2863840292
2730,14610.11905433863,77.931,104780.3843101108
2731,14615.11905433863,77.875,127518.90140528997
2732,14620.11905433863,77.814,138847.69464252258
2733,14625.11905433863,77.747,152431.5757291863
2734,14630.11905433863,77.677,159171.0136730914
2735,14635.11905433863,77.606,161353.5486401831
2736,14640.11905433863,77.541,147639.0858100207
2737,14645.11905433863,77.456,192945.7090355384
2738,14650.11905433863,77.358,222268.266065279
2739,14655.11905433863,77.267,206210.3483237356
2740,14660.11905433863,77.172,215088.94203013275
2741,14665.11905433863,77.095,174200.4819289815
2742,14670.11905433863,77.033,140186.71879563507
2743,14675.11905433863,76.981,117529.03687383045
2744,14681.11905433863,76.929,117497.69374995248
2745,14686.11905433863,76.853,171643.01779150424
2746,14691.11905433863,76.759,212132.8249364428
2747,14696.11905433863,76.66,223211.7250305687
2748,14701.11905433863,76.579,182475.5674041985
2749,14706.11905433863,76.516,141840.29768728363
2750,14711.11905433863,76.442,166513.5677752287
2751,14716.11905433863,76.371,159665.81537459148
2752,14721.11905433863,76.305,148339.0638008272
2753,14726.11905433863,76.223,184183.92994387096
2754,14731.11905433863,76.127,215451.45484114322
2755,14736.11905433863,76.011,260063.14695991977
2756,14741.11905433863,75.914,217235.81769603543
2757,14746.11905433863,75.815,221503.97590158723
2758,14751.11905433863,75.72,212354.52846042186
2759,14756.11905433863,75.625,212160.15963649104
2760,14762.11905433863,75.535,200829.77246285207
2761,14767.11905433863,75.456,176146.46377754342
2762,14772.11905433863,75.379,171567.74847220583
2763,14777.11905433863,75.305,164773.9801612089
2764,14782.11905433863,75.187,262501.6979656329
2765,14787.11905433863,75.086,224432.5789069135
2766,14792.11905433863,74.997,197584.05875887207
2767,14797.11905433863,74.909,195199.5697484388
2768,14802.11905433863,74.826,183960.8096179437
2769,14807.11905433863,74.746,177178.4328956392
2770,14812.11905433863,74.668,172624.76059800133
2771,14817.11905433863,74.588,176923.51372597698
2772,14822.11905433863,74.53,128194.19545038624
2773,14827.11905433863,74.444,189961.55012408644
2774,14832.11905433863,74.371,161128.651186229
2775,14837.11905433863,74.299,158820.0832661884
2776,14842.11905433863,74.218,178548.8666430568
2777,14847.11905433863,74.132,189421.02960715443
2778,14853.11905433863,74.058,162880.19473701643
2779,14858.11905433863,73.991,147381.88774769325
2780,14863.11905433863,73.922,151692.94847922862
2781,14868.11905433863,73.838,184540.71480340936
2782,14873.11905433863,73.767,155869.6183991069
2783,14878.11905433863,73.699,149193.13590375808
2784,14883.11905433863,73.637,135954.792197377
2785,14888.11905433863,73.575,135886.00649808726
2786,14893.11905433863,73.515,131437.73290216512
2787,14898.11905433863,73.463,113864.178603181
2788,14903.11905433863,73.407,122573.98134859427
2789,14908.11905433863,73.335,157510.5988515726
2790,14913.11905433863,73.267,148667.9294130776
2791,14918.11905433863,73.213,118001.12827029868
2792,14923.11905433863,73.164,107035.66849301271
2793,14928.11905433863,73.116,104816.8922528994
2794,14933.11905433863,73.05,144059.14245997183
2795,14939.11905433863,72.987,137444.84014832758
2796,14944.11905433863,72.935,113395.13851363811
2797,14949.11905433863,72.882,115531.29173675834
2798,14954.11905433863,72.84,91524.0537471295
2801,14969.11905433863,72.838,4361.342651216711
2802,14974.11905433863,72.766,156980.99741670533
2803,14979.11905433863,72.708,126386.19718804487
2804,14984.11905433863,72.651,124150.3640123224
2805,14989.11905433863,72.59,132799.11307482742
2806,14994.11905433863,72.545,97927.71610281838
2807,14999.11905433863,72.522,50045.175688673655
2818,15055.11905433863,72.513,19651.672728414775
2819,15060.11905433863,72.444,150631.8077654295
2823,15080.11905433863,72.417,58982.07041092704
2824,15085.11905433863,72.348,150682.0109331976
2825,15090.11905433863,72.291,124409.32460433236
2826,15095.11905433863,72.286,10912.035137585655
2835,15141.11905433863,72.265,45961.94190889951
2836,15146.11905433863,72.201,140038.35105947708
2841,15172.11905433863,72.159,91990.37848071399
2842,15177.11905433863,72.153,13141.442429818797
2845,15192.11905433863,72.146,15345.453111965036
2846,15197.11905433863,72.12,57003.11701481541
2849,15212.11905433863,72.085,76778.22698810526
2853,15233.11905433863,72.062,50503.59348348377
2856,15248.11905433863,72.028,74701.45013433023
2859,15263.11905433863,72.027,2198.72861538325
2860,15268.11905433863,71.954,160477.29061809578
2861,15273.11905433863,71.953,2197.9087437319695
2864,15288.11905433863,71.916,81380.99680847334
2865,15293.11905433863,71.879,81365.74001347131
2869,15314.11905433863,71.845,74834.21919684928
2870,15319.11905433863,71.768,169401.89764580247
2873,15334.11905433863,71.754,30810.968088825786
2874,15339.11905433863,71.689,143018.8015432735
2879,15364.11905433863,71.638,112306.7476767338
2883,15385.11905433863,71.637,2204.302932520892
2884,15390.11905433863,71.557,176301.8166293535
2885,15395.11905433863,71.541,35248.17194301576
2889,15415.11905433863,71.512,63950.19175632079
2890,15420.11905433863,71.447,143288.91199279274
2891,15425.11905433863,71.444,6612.332060380754
2895,15445.11905433863,71.413,68399.7445551283
2896,15450.11905433863,71.368,99269.25519139232
2900,15471.11905433863,71.365,6624.7177079489975
2901,15476.11905433863,71.301,141306.62406438604
2902,15481.11905433863,71.245,123579.20941630047
2909,15516.11905433863,71.163,181188.79754781828
2910,15521.11905433863,71.073,198689.57008316935
2911,15526.11905433863,71.006,147797.67643111703
2912,15531.11905433863,70.933,160926.42004411048
2913,15536.11905433863,70.851,180627.39452804584
2914,15542.11905433863,70.763,193686.38500296423
2915,15547.11905433863,70.669,206692.85335678104
2916,15552.11905433863,70.567,224044.9468493827
2917,15557.11905433863,70.479,193095.7084441522
2918,15562.11905433863,70.374,230156.9712918884
2919,15567.11905433863,70.26,249576.34920399424
2920,15572.11905433863,70.152,236143.33711105087
2921,15577.11905433863,70.04,244584.1971401628
2922,15582.11905433863,69.934,231195.7024462906
2923,15587.11905433863,69.829,228742.76464111928
2924,15592.11905433863,69.717,243691.5987023433
2925,15597.11905433863,69.609,234693.09461140554
2926,15602.11905433863,69.503,230066.85050402663
2927,15607.11905433863,69.376,275272.6380677217
2928,15612.11905433863,69.267,235931.70140354228
2929,15617.11905433863,69.16,231315.9105088364
2930,15622.11905433863,69.043,252605.77520099
2931,15628.11905433863,68.929,245811.6840068432
2932,15633.11905433863,68.814,247635.56255872265
2933,15638.11905433863,68.695,255895.4714521225
2934,15643.11905433863,68.577,253388.74418159557
2935,15648.11905433863,68.492,182314.12260601364
2936,15653.11905433863,68.358,287045.3319065571
2937,15658.11905433863,68.247,237426.48622939907
2938,15663.11905433863,68.136,237116.33142466203
2939,15668.11905433863,68.021,245332.2698993713
2940,15673.11905433863,67.908,240738.74819290213
2941,15678.11905433863,67.797,236163.50523587057
2942,15683.11905433863,67.686,235852.35809110338
2943,15688.11905433863,67.581,222818.9040129469
2944,15693.11905433863,67.449,279713.5262997802
2945,15698.11905433863,67.347,215836.4529169684
2946,15703.11905433863,67.242,221914.04449243846
2947,15708.11905433863,67.132,232183.9068788457
2948,15713.11905433863,67.023,229771.29005411177
2949,15719.11905433863,66.914,229485.5097171126
2950,15724.11905433863,66.804,231285.7526878846
2951,15729.11905433863,66.697,224684.28414743755
2952,15734.11905433863,66.587,230681.6956442305
2953,15739.11905433863,66.518,144551.92547921976
2954,15744.11905433863,66.481,77476.22733400823
2959,15769.11905433863,66.384,203230.90830599394
2960,15774.11905433863,66.289,198815.97124314317
2961,15779.11905433863,66.227,129641.11591748876
2965,15799.11905433863,66.184,89955.01758348671
2966,15805.11905433863,66.175,18827.547776219573
2969,15820.11905433863,66.129,96280.99144278385
2970,15825.11905433863,66.099,62775.71526951503
2975,15850.11905433863,66.05,102634.29176269179
2976,15855.11905433863,65.953,203013.5582113845
2977,15860.11905433863,65.909,92019.2688246944
2981,15881.11905433863,65.908,2093.401470395751
2982,15886.11905433863,65.835,152780.60372804428
2983,15891.11905433863,65.755,167288.98850883005
2984,15896.11905433863,65.686,144168.72313884713
2985,15901.11905433863,65.622,133628.42501038915
2986,15906.11905433863,65.552,146052.84825835284
2987,15911.11905433863,65.455,202193.39347333641
2988,15916.11905433863,65.346,226921.0274384825
2989,15921.11905433863,65.206,290994.7508694835
2990,15926.11905433863,65.089,242785.96081566025
2991,15931.11905433863,64.972,242426.02121319054
2992,15936.11905433863,64.856,239998.71789205362
2993,15941.11905433863,64.749,221067.2146490173
2994,15947.11905433863,64.646,212538.17941371162
2995,15952.11905433863,64.545,208147.89148765337
2996,15957.11905433863,64.439,218170.58267512827
2997,15962.11905433863,64.34,203502.98724014725
2998,15967.11905433863,64.239,207356.6562896666
2999,15972.11905433863,64.125,233727.94029319697
3000,15977.11905433863,64.013,229294.92111509174
3001,15982.11905433863,63.899,233050.748622565
3002,15987.11905433863,63.788,226589.54704674694
3003,15992.11905433863,63.672,236449.2373812555
3004,15997.11905433863,63.564,219824.21951975947
3005,16002.11905433863,63.459,213426.90270711549
3006,16007.11905433863,63.35,221253.29685762094
3007,16012.11905433863,63.24,222967.15661975884
3008,16017.11905433863,63.131,220626.82936972872
3009,16022.11905433863,63.022,220314.9839717595
3010,16027.11905433863,62.916,213952.87186332495
3011,16032.11905433863,62.812,209631.37150424265
3012,16037.11905433863,62.714,197281.3898286592
3013,16042.11905433863,62.627,174933.96626191
3014,16047.11905433863,62.562,130579.98117409361
3015,16052.11905433863,62.508,108412.48062680099
3016,16057.11905433863,62.456,104341.21492633058
3017,16062.11905433863,62.423,66192.10505776538
3018,16067.11905433863,62.378,90233.6636295266
3019,16072.11905433863,62.332,92200.28249426099
3020,16077.11905433863,62.293,78140.82752373407
3021,16082.11905433863,62.263,60093.73262796835
3022,16087.11905433863,62.228,70094.55383677164
3023,16092.11905433863,62.176,104100.04689946823
3024,16097.11905433863,62.124,104045.33871962238
3025,16102.11905433863,62.078,91996.10797619922
3026,16107.11905433863,62.039,77967.52453102951
3027,16112.11905433863,61.993,91927.24412519428
3028,16117.11905433863,61.943,99874.56335593414
3029,16122.11905433863,61.894,97829.22800927349
3030,16127.11905433863,61.85,87807.90569143737
3031,16132.11905433863,61.807,85778.52617379966
3032,16137.11905433863,61.771,71790.94434589685
3033,16142.11905433863,61.733,75757.41832411503
3034,16147.11905433863,61.693,79718.97265603028
3035,16152.11905433863,61.642,101598.20178189929
3036,16157.11905433863,61.585,113486.61865341652
3037,16162.11905433863,61.538,93526.643463393
3038,16167.11905433863,61.491,93484.1510363968
3039,16172.11905433863,61.432,117287.5980404666
3040,16178.11905433863,61.381,101331.05010644883
3041,16183.11905433863,61.323,115172.53954572655
3042,16188.11905433863,61.254,136916.08378333814
3043,16193.11905433863,61.197,113023.2264153909
3044,16198.11905433863,61.132,128797.48087689193
3048,16218.11905433863,61.077,109010.00613314126
3049,16223.11905433863,61.013,126763.55874202911
3050,16228.11905433863,61.008,9900.856575638265
3054,16248.11905433863,60.962,91162.02172865217
3055,16253.11905433863,60.886,150511.16384051307
3056,16258.11905433863,60.821,128617.248223525
3057,16263.11905433863,60.78,81082.0731451856
3058,16268.11905433863,60.779,1977.5362841217407
3061,16283.11905433863,60.765,27707.61591277322
3062,16288.11905433863,60.678,172092.78968150253
3063,16293.11905433863,60.606,142278.8148998126
3064,16298.11905433863,60.548,114525.77432274152
3065,16303.11905433863,60.543,9870.804947049644
3069,16323.11905433863,60.5,84959.36988685389
3070,16328.11905433863,60.423,152032.27581139625
3071,16333.11905433863,60.394,57226.234898859715
3074,16348.11905433863,60.393,1974.640256211798
3075,16353.11905433863,60.316,151995.58589061885
3076,16358.11905433863,60.268,94681.31654632531
3084,16398.11905433863,60.249,37548.790167359584
3089,16423.11905433863,60.232,33637.45471536409
3090,16428.11905433863,60.144,174024.51081708778
3091,16433.11905433863,60.063,160005.4513153476
3092,16438.11905433863,59.982,159838.4341521306
3093,16443.11905433863,59.887,187246.92260282687
3094,16449.11905433863,59.787,196853.1873708949
3095,16454.11905433863,59.69,190691.21187875856
3096,16459.11905433863,59.59,196324.37208014002
3097,16464.11905433863,59.49,196054.7296990672
3098,16469.11905433863,59.394,187959.8159669825
3099,16474.11905433863,59.31,164265.6815709942
3100,16479.11905433863,59.24,136751.9694724297
3101,16484.11905433863,59.151,173689.84916763357
3102,16489.11905433863,59.047,202694.0129744229
3103,16494.11905433863,58.949,190731.5270497006
3104,16499.11905433863,58.844,204065.4767306035
3105,16504.11905433863,58.755,172737.24280373135
3106,16509.11905433863,58.702,102772.91462857746
3107,16514.11905433863,58.661,79464.00873754195
3108,16519.11905433863,58.612,94925.08579411227
3109,16524.11905433863,58.533,152921.71620302062
3110,16529.11905433863,58.448,164355.39446812656
3111,16534.11905433863,58.39,112045.17732010705
3112,16539.11905433863,58.373,32829.67168841542
3122,16589.11905433863,58.315,112273.56520433429
3123,16594.11905433863,58.229,166319.27095191748
3124,16599.11905433863,58.141,169984.27462309986
3125,16604.11905433863,58.046,183272.36415380982
3126,16609.11905433863,57.946,192652.49373508737
3127,16614.11905433863,57.844,196222.3822207845
3128,16619.11905433863,57.722,234313.82374131095
3129,16624.11905433863,57.618,199412.29273964989
3130,16629.11905433863,57.508,210588.83562747572
3131,16634.11905433863,57.408,191152.6425248405
3132,16639.11905433863,57.311,185155.8405830858
3133,16644.11905433863,57.213,186802.8068767476
3134,16649.11905433863,57.123,171323.43085772402
3135,16655.11905433863,57.038,161616.02894080157
3136,16660.11905433863,56.951,165219.11704698828
3137,16665.11905433863,56.869,155539.55576271686
3138,16670.11905433863,56.776,176186.23823351238
3139,16675.11905433863,56.686,170279.31223290972
3140,16680.11905433863,56.594,173836.1975557418
3141,16685.11905433863,56.517,145319.8286043544
3142,16690.11905433863,56.449,128208.28725829373
3143,16695.11905433863,56.367,154445.07720121127
3144,16700.11905433863,56.281,161786.21096604707
3145,16705.11905433863,56.181,187869.10990890575
3146,16710.11905433863,56.088,174470.63711836684
3147,16715.11905433863,55.994,176105.61354175018
3148,16720.11905433863,55.908,160907.26956799693
3149,16725.11905433863,55.868,74778.6762967086
3153,16745.11905433863,55.772,179464.8087577378
3154,16750.11905433863,55.682,168018.0992173963
3155,16755.11905433863,55.608,137986.11276725325
3156,16760.11905433863,55.59,33546.450934866276
3161,16785.11905433863,55.51,149186.13815497182
3162,16790.11905433863,55.432,145292.8922738543
3163,16795.11905433863,55.406,48399.97254937065
3166,16810.11905433863,55.364,78206.38928126474
3167,16815.11905433863,55.27,174870.4448570128
3168,16820.11905433863,55.246,44613.4146578246
3172,16840.11905433863,55.229,31627.006592982627
3173,16845.11905433863,55.13,184042.03887805168
3174,16850.11905433863,55.06,129970.02330183068
3177,16866.11905433863,55.047,24142.011019318536
3178,16871.11905433863,54.961,159612.39358395006
3179,16876.11905433863,54.926,64906.313308337485
3184,16901.11905433863,54.844,152129.33876477098
3185,16906.11905433863,54.757,161204.69723929354
3186,16911.11905433863,54.695,114759.25976959482
3187,16916.11905433863,54.648,86933.98267064632
3188,16921.11905433863,54.637,20341.469454392518
3191,16936.11905433863,54.623,25906.165150283905
3192,16941.11905433863,54.525,181210.74772920748
3193,16946.11905433863,54.426,182783.36509182936
3194,16951.11905433863,54.335,167769.48001167405
3195,16956.11905433863,54.253,150980.94658154825
3196,16961.11905433863,54.249,7361.26135853132
3198,16971.11905433863,54.222,49703.60488346735
3199,16976.11905433863,54.13,169224.47356336203
3200,16981.11905433863,54.078,95549.63239285674
3204,17001.11905433863,54.0,143320.86172208065
3205,17006.11905433863,53.917,152325.69604892322
3206,17011.11905433863,53.87,86178.1420069775
3210,17031.11905433863,53.812,106368.80779653863
3211,17036.11905433863,53.716,175858.54172878637
3212,17041.11905433863,53.639,140867.59887804298
3213,17046.11905433863,53.586,96871.81612688536
3214,17051.11905433863,53.546,73068.81946117469
3215,17056.11905433863,53.471,136897.10196286696
3216,17061.11905433863,53.372,180463.2531691414
3217,17066.11905433863,53.288,152902.86970020947
3218,17071.11905433863,53.219,125455.36372130249
3219,17076.11905433863,53.144,136220.04382325165
3220,17081.11905433863,53.052,166883.07975669586
3221,17086.11905433863,52.968,152163.50873983535
3222,17091.11905433863,52.874,170042.07295723722
3223,17096.11905433863,52.77,187834.6497431598
3224,17101.11905433863,52.671,178512.7503266502
3225,17107.11905433863,52.575,172843.7617913144
3226,17112.11905433863,52.476,177966.87665896217
3227,17117.11905433863,52.38,172303.93301391997
3228,17122.11905433863,52.29,161295.4981275923
3229,17127.11905433863,52.203,155700.77246700873
3230,17132.11905433863,52.104,176912.99427789575
3231,17137.11905433863,52.019,151671.30102006812
3232,17142.11905433863,51.931,156809.24826146977
3233,17147.11905433863,51.85,144143.15816883653
3234,17152.11905433863,51.78,124423.18683207835
3235,17157.11905433863,51.714,117193.4860410461
3236,17162.11905433863,51.639,133031.73679672196
3237,17167.11905433863,51.563,134647.75756908592
3238,17172.11905433863,51.482,143329.58164430567
3239,17177.11905433863,51.383,174925.51080092383
3240,17182.11905433863,51.287,169352.46367766534
3241,17187.11905433863,51.189,172604.1867968139
3242,17192.11905433863,51.09,174080.88173110547
3243,17197.11905433863,50.991,173794.4119084148
3244,17202.11905433863,50.889,178760.29270410832
3245,17207.11905433863,50.79,173210.6631742902
3246,17212.11905433863,50.684,185137.75230551843
3247,17217.11905433863,50.58,181321.33176752747
3248,17222.11905433863,50.479,175785.46308075156
3249,17227.11905433863,50.382,168541.81212914817
3250,17232.11905433863,50.285,168266.45569778362
3251,17237.11905433863,50.198,150687.25675252185
3252,17242.11905433863,50.106,159109.72288562497
3253,17247.11905433863,50.008,169214.45154659188
3254,17252.11905433863,49.913,163765.65386272446
3255,17257.11905433863,49.825,151464.76754125254
3256,17262.11905433863,49.726,170127.66018387448
3257,17267.11905433863,49.627,169838.46786115912
3258,17272.11905433863,49.525,174681.64514453657
3259,17277.11905433863,49.426,169249.23254703457
3260,17282.11905433863,49.325,172369.28041223285
3261,17287.11905433863,49.223,173768.32287383685
3262,17292.11905433863,49.122,171759.93828829064
3263,17297.11905433863,49.025,164673.05335114105
3264,17302.11905433863,48.929,162701.929905468
3265,17307.11905433863,48.831,165810.50795770844
3266,17312.11905433863,48.73,170587.7523531039
3267,17317.11905433863,48.632,165230.875846113
3268,17322.11905433863,48.531,169989.9744213456
3269,17327.11905433863,48.4,220019.08199434917
3270,17332.11905433863,48.296,174298.44474414477
3271,17337.11905433863,48.203,155590.362601084
3272,17342.11905433863,48.111,153666.57462317028
3273,17347.11905433863,48.022,148419.12304851317
3274,17352.11905433863,47.931,151513.89704550864
3275,17357.11905433863,47.829,169536.00750562825
3276,17363.11905433863,47.727,169233.32084435737
3277,17368.11905433863,47.628,163957.562250214
3278,17373.11905433863,47.527,166967.05350517333
3279,17378.11905433863,47.431,158418.37719954722
3280,17383.11905433863,47.332,163080.37458367733
3281,17388.11905433863,47.254,128284.4650521514
3282,17393.11905433863,47.184,114979.99640775466
3283,17398.11905433863,47.174,16416.517177289577
3288,17423.11905433863,47.098,124830.93324128729
3289,17428.11905433863,47.017,132860.04140871888
3290,17433.11905433863,46.956,99932.79231049512
3291,17438.11905433863,46.883,119455.4227376267
3292,17443.11905433863,46.807,124202.6826392758
3293,17448.11905433863,46.748,96309.16790959789
3294,17453.11905433863,46.673,122286.58763814573
3295,17458.11905433863,46.59,135140.31426127444
3296,17463.11905433863,46.514,123567.35396907176
3297,17468.11905433863,46.446,110420.87161581773
3298,17473.11905433863,46.367,128116.87530443717
3299,17478.11905433863,46.274,150584.7097401018
3300,17483.11905433863,46.191,134175.8580788294
3301,17488.11905433863,46.106,137198.57857045624
3302,17493.11905433863,46.022,135374.9100680063
3303,17498.11905433863,45.919,165705.8400894221
3304,17503.11905433863,45.868,81934.49822066126
3307,17518.11905433863,45.832,57830.81462218487
3308,17523.11905433863,45.738,150831.649109746
3309,17528.11905433863,45.655,132961.6329328506
3310,17533.11905433863,45.653,3201.8280692310163
3315,17558.11905433863,45.64,20838.133716757566
3316,17563.11905433863,45.56,128140.5166204519
3318,17573.11905433863,45.527,52822.52894498591
3319,17578.11905433863,45.522,8002.350808896483
3320,17583.11905433863,45.502,32009.71657603602
3321,17588.11905433863,45.425,123141.0873965548
3323,17598.11905433863,45.382,68715.39306959392
3324,17603.11905433863,45.316,105373.46767135938
3327,17618.11905433863,45.232,134003.97730711443
3328,17623.11905433863,45.227,7970.848632686168
3330,17633.11905433863,45.175,82891.59989501604
3331,17638.11905433863,45.104,113056.97425756797
3336,17664.11905433863,45.082,35047.237302758396
3337,17669.11905433863,44.996,136877.50593119513
3338,17674.11905433863,44.977,30213.676759852857
3340,17684.11905433863,44.961,25447.588792142917
3341,17689.11905433863,44.868,147776.6164244875
3342,17694.11905433863,44.836,50791.46418081824
3345,17709.11905433863,44.788,76183.78013405306
3346,17714.11905433863,44.709,125243.48052747513
3349,17729.11905433863,44.708,1585.2846384893667
3350,17734.11905433863,44.613,150482.77856499335
3351,17739.11905433863,44.542,112288.71230955556
3352,17744.11905433863,44.529,20546.323567753985
3357,17769.11905433863,44.484,71175.7167472757
3358,17774.11905433863,44.44,69544.01356267874
3362,17794.11905433863,44.423,26881.05962593032
3363,17799.11905433863,44.357,104293.58211652006
3364,17804.11905433863,44.3,89972.2076310319
3365,17809.11905433863,44.225,118241.41982139282
3366,17814.11905433863,44.138,136947.4831738768
3367,17819.11905433863,44.077,95886.72883008732
3373,17849.11905433863,44.042,55049.628268218934
3374,17854.11905433863,43.961,127268.49917026078
3375,17859.11905433863,43.872,139607.18034707336
3376,17864.11905433863,43.788,131541.3688094842
3377,17869.11905433863,43.691,151627.74857817637
3378,17874.11905433863,43.598,145099.8999664828
3379,17879.11905433863,43.508,140164.0689912441
3380,17884.11905433863,43.426,127488.51648133085
3381,17889.11905433863,43.345,125732.79670659016
3382,17894.11905433863,43.255,139466.76390950955
3383,17899.11905433863,43.167,136125.23468843815
3384,17904.11905433863,43.091,117372.38610557554
3385,17909.11905433863,43.016,115657.5385808996
3386,17914.11905433863,42.946,107795.34515043444
3387,17919.11905433863,42.839,164479.50420417794
3388,17924.11905433863,42.745,144197.67368377445
3389,17929.11905433863,42.657,134744.0710421207
3390,17934.11905433863,42.613,67286.66259758732
3395,17960.11905433863,42.582,47433.48262786394
3396,17965.11905433863,42.486,146712.6477805955
3397,17970.11905433863,42.392,143375.16991884148
3398,17975.11905433863,42.311,123326.26725003592
3399,17980.11905433863,42.225,130717.1916164688
3400,17985.11905433863,42.13,144127.79819372811
3401,17990.11905433863,42.031,149892.57456349282
3402,17995.11905433863,41.954,116371.64568095174
3403,18000.11905433863,41.934,30199.8797446119
3409,18030.11905433863,41.915,28724.34159915506
3410,18035.11905433863,41.817,147991.4256884709
3411,18040.11905433863,41.763,81420.83013033071
3417,18070.11905433863,41.729,51296.15292288296
3418,18075.11905433863,41.634,143145.63422404724
3419,18080.11905433863,41.543,136850.35569502952
3420,18085.11905433863,41.457,129091.57980986692
3421,18090.11905433863,41.363,140833.02404755238
3422,18095.11905433863,41.275,131590.31146029578
3423,18100.11905433863,41.188,129855.34022927392
3424,18105.11905433863,41.101,129617.13634203993
3425,18110.11905433863,41.006,141261.91679348357
3426,18115.11905433863,40.901,155794.28092028535
3427,18120.11905433863,40.788,167264.22781358496
3428,18125.11905433863,40.651,202224.54518127104
3429,18130.11905433863,40.536,169271.94720143083
3430,18135.11905433863,40.42,170305.0169869119
3431,18140.11905433863,40.312,158164.71388145155
3432,18145.11905433863,40.202,160702.9727095114
3433,18150.11905433863,40.094,157397.25163541047
3434,18155.11905433863,39.982,162824.40310026737
3435,18160.11905433863,39.868,165309.74773973506
3436,18165.11905433863,39.751,169215.76783653072
3437,18170.11905433863,39.641,158681.83011582494
3438,18175.11905433863,39.533,155411.66260888198
3439,18180.11905433863,39.421,160764.02941942294
3440,18185.11905433863,39.305,166070.4351899356
3441,18190.11905433863,39.198,152793.7440251328
3442,18195.11905433863,39.092,150996.5623010045
3443,18200.11905433863,38.985,152048.14440839793
3444,18205.11905433863,38.87,162996.34755718923
3445,18211.11905433863,38.762,152686.68419804872
3446,18216.11905433863,38.66,143853.493681356
3447,18221.11905433863,38.553,150539.07741306242
3448,18226.11905433863,38.439,159972.250838403
3449,18231.11905433863,38.329,153952.32023198067
3450,18236.11905433863,38.221,150765.2906698449
3451,18241.11905433863,38.116,146209.59205135566
3452,18246.11905433863,38.008,150008.497224383
3453,18251.11905433863,37.901,148240.3890036487
3454,18256.11905433863,37.794,147862.97170455227
3455,18261.11905433863,37.686,148861.72075191565
3456,18266.11905433863,37.576,151221.91174943894
3457,18271.11905433863,37.461,157666.1454552496
3458,18276.11905433863,37.35,151765.27642572415
3459,18281.11905433863,37.24,149994.75372894225
3460,18286.11905433863,37.123,159097.84853482668
3461,18291.11905433863,37.004,161348.02807477387
3462,18296.11905433863,36.885,160873.9509559169
3463,18301.11905433863,36.764,163090.95318518468
3464,18306.11905433863,36.646,158574.5595739247
3465,18311.11905433863,36.527,159445.66223301104
3466,18316.11905433863,36.407,160304.1392531021
3467,18321.11905433863,36.294,150511.8954297498
3468,18326.11905433863,36.18,151411.055367228
3469,18331.11905433863,36.067,149653.62449002414
3470,18336.11905433863,35.954,149226.17623661444
3471,18341.11905433863,35.841,148798.47260320475
3472,18346.11905433863,35.739,133947.9505947801
3473,18351.11905433863,35.663,99583.30180656006
3474,18356.11905433863,35.574,116379.50192357718
3475,18361.11905433863,35.482,120029.42614830624
3476,18364.11905433863,35.456,33870.56081438863
3477,18365.11905433863,35.452,5208.93544762654
3478,18370.11905433863,35.434,23439.31666714615
3479,18375.11905433863,35.399,45554.76827915444
3480,18380.11905433863,35.337,80608.43828851414
3481,18385.11905433863,35.234,133637.99238872633
3482,18390.11905433863,35.147,112605.40231722068
3483,18395.11905433863,35.061,111067.66859676065
3484,18400.11905433863,34.964,124981.42866766774
3485,18405.11905433863,34.873,116967.60524520544
3486,18410.11905433863,34.784,114133.0360041561
3487,18415.11905433863,34.695,113872.30105309728
3488,18420.11905433863,34.606,113611.40768203847
3489,18425.11905433863,34.515,115894.20152810095
3490,18430.11905433863,34.429,109275.56701507786
3491,18435.11905433863,34.347,103967.28734265882
3492,18440.11905433863,34.268,99956.23274416295
3493,18445.11905433863,34.181,109841.84601109113
3494,18450.11905433863,34.092,112108.40305951893
3495,18455.11905433863,34.008,105570.66303843376
3496,18460.11905433863,33.923,106591.21953582465
3497,18465.11905433863,33.839,105103.6053782519
3498,18470.11905433863,33.756,103624.47889067364
3499,18476.11905433863,33.674,102159.26604239333
3500,18481.11905433863,33.597,95729.73871263761
3501,18486.11905433863,33.523,91818.33500861106
3502,18491.11905433863,33.458,80505.98694961861
3503,18496.11905433863,33.386,89017.52990890581
3504,18501.11905433863,33.307,97477.71551419026
3505,18506.11905433863,33.227,98502.89001291596
3506,18511.11905433863,33.153,90928.83812919549
3507,18516.11905433863,33.076,94425.41176143184
3508,18521.11905433863,32.993,101564.76062848927
3509,18526.11905433863,32.909,102556.29702520193
3510,18531.11905433863,32.828,98672.59403527483
3511,18536.11905433863,32.752,92385.5002563487
3512,18541.11905433863,32.667,103100.02473034224
3513,18546.11905433863,32.58,105276.84080464763
3514,18551.11905433863,32.504,91760.95847247634
3515,18556.11905433863,32.423,97588.24448911971
3516,18561.11905433863,32.341,98571.56978368622
3517,18566.11905433863,32.251,107930.04857620975
3518,18571.11905433863,32.156,113630.4561686135
3519,18576.11905433863,32.07,102604.00472501818
3520,18581.11905433863,31.981,105922.39383289886
3521,18586.11905433863,31.892,105656.45522984424
3522,18591.11905433863,31.809,98294.6486150734
3523,18596.11905433863,31.73,93344.72587889689
3524,18601.11905433863,31.64,106087.76230260934
3525,18606.11905433863,31.568,84676.00126943683
3526,18611.11905433863,31.49,91539.23573562532
3527,18616.11905433863,31.426,74960.11177105729
3528,18621.11905433863,31.388,44447.344946606754
3529,18626.11905433863,31.359,33893.2596767749
3530,18631.11905433863,31.327,37373.13052928872
3531,18636.11905433863,31.28,54837.32076484469
3532,18641.11905433863,31.212,79214.61521217524
3533,18646.11905433863,31.144,79063.4231831607
3534,18651.11905433863,31.074,81230.47277259507
3535,18656.11905433863,31.008,76441.80608667865
3536,18661.11905433863,30.928,92463.60557995942
3537,18666.11905433863,30.85,89946.129229236
3538,18671.11905433863,30.778,82847.78820581938
3539,18676.11905433863,30.706,82676.3402834599
3540,18681.11905433863,30.644,71057.37254698918
3541,18686.11905433863,30.594,57215.027932476194
3542,18691.11905433863,30.557,42290.28298780183
3543,18696.11905433863,30.542,17134.71267151213
3547,18716.11905433863,30.537,5715.80917860267
3548,18721.11905433863,30.495,47988.66820122236
3549,18726.11905433863,30.451,50216.41028297233
3550,18731.11905433863,30.412,44461.251861165954
3551,18736.11905433863,30.371,46692.33850367488
3552,18741.11905433863,30.32,58008.28008286831
3553,18746.11905433863,30.252,77213.31478844074
3554,18751.11905433863,30.185,75928.51261323346
3555,18756.11905433863,30.119,74650.55422788604
3556,18761.11905433863,30.059,67740.39734711796
3557,18766.11905433863,30.0,66497.38631278809
3558,18771.11905433863,29.928,80993.92483356426
3559,18776.11905433863,29.849,88668.02542818552
3560,18781.11905433863,29.772,86220.68063368365
3561,18786.11905433863,29.699,81557.73789847827
3562,18791.11905433863,29.631,75811.6423575875
3563,18796.11905433863,29.552,87880.44640544162
3564,18801.11905433863,29.497,61060.300347179975
3565,18806.11905433863,29.489,8874.38190831277
